mean = [[[] for i in range(6)] for j in range(20)]
covar = [[[] for i in range(6)] for j in range(20)]
A = [[] for i in range(20)]
Pi = [[] for i in range(20)]
mean[0][0] = [2.96073341094295, -3.515696546371752, 3.816709351959639, -4.348921226232059, -7.030605355064026, -1.8134109429569252, -0.3517074117190546, -2.037458284827319, 0.6390259992239026, -1.5849631354287919, 0.659518820333722, -0.42275514163756334, ]
covar[0][0] = [[3.2887263150381543, -0.5685302807634296, -0.1305375167540566, 2.7669130621333196, -1.0775314535812692, -0.3060866330298075, 0.8418896107909007, 0.32832242769046366, 0.9416128990537329, 0.20341710528752907, 0.33490240955745804, 0.1448553384624349],
[-0.5685302807634296, 8.333376396856519, 3.5952660431846275, -0.16844220551070607, 1.9001884801659499, -1.5040323914018665, -1.0651715812200389, -0.9435838523947486, 0.6375300355718299, 0.8034751808971315, 0.21231829114571182, 0.15026785196769948],
[-0.1305375167540566, 3.5952660431846275, 10.503414938030502, -2.9739777074111213, 0.8809977363558619, -4.3630100600684045, -0.15524748888295667, -4.240770138244205, 2.228445766578747, 0.35076612829319487, 0.33542670531487434, 0.2901303594873554],
[2.7669130621333196, -0.16844220551070607, -2.9739777074111213, 14.152015987973977, -5.076691159143554, 0.28909405604246047, 3.1769060328306513, 0.4139358688520844, 2.610283433341931, 0.02123333236961269, 1.3186291958399203, 0.5533888084182198],
[-1.0775314535812692, 1.9001884801659499, 0.8809977363558619, -5.076691159143554, 10.008033316121892, -1.1192004350294962, 0.5677233746362911, 2.025263781558271, -1.7038737366865402, 0.5767799602284569, -0.26365520009324017, -0.015676949173827722],
[-0.3060866330298075, -1.5040323914018665, -4.3630100600684045, 0.28909405604246047, -1.1192004350294962, 11.214710561820464, -0.5351856841866541, 2.427381273448341, 0.09537029046689133, 0.34816456113293803, -0.045663457341586215, -0.10014467120488721],
[0.8418896107909007, -1.0651715812200389, -0.15524748888295667, 3.1769060328306513, 0.5677233746362911, -0.5351856841866541, 7.990357426227571, 0.04861082015784177, 3.0572416819544266, 0.07497895312538354, 0.5406424069885408, 0.2854355364287136],
[0.32832242769046366, -0.9435838523947486, -4.240770138244205, 0.4139358688520844, 2.025263781558271, 2.427381273448341, 0.04861082015784177, 4.956634401150793, -1.54220610023086, 0.0693777681556302, -0.02522935517003709, -0.13956338914329564],
[0.9416128990537329, 0.6375300355718299, 2.228445766578747, 2.610283433341931, -1.7038737366865402, 0.09537029046689133, 3.0572416819544266, -1.54220610023086, 5.707454503398552, -0.4401168247846053, 0.9427947971435924, 0.3876099668585522],
[0.20341710528752907, 0.8034751808971315, 0.35076612829319487, 0.02123333236961269, 0.5767799602284569, 0.34816456113293803, 0.07497895312538354, 0.0693777681556302, -0.4401168247846053, 1.1812454099720051, -0.15699280337133537, 0.010012674326137231],
[0.33490240955745804, 0.21231829114571182, 0.33542670531487434, 1.3186291958399203, -0.26365520009324017, -0.045663457341586215, 0.5406424069885408, -0.02522935517003709, 0.9427947971435924, -0.15699280337133537, 0.638045014876683, 0.09016297385501325],
[0.1448553384624349, 0.15026785196769948, 0.2901303594873554, 0.5533888084182198, -0.015676949173827722, -0.10014467120488721, 0.2854355364287136, -0.13956338914329564, 0.3876099668585522, 0.010012674326137231, 0.09016297385501325, 0.10508554074286944],
]
mean[0][1] = [-1.248839754816112, 6.529737302977237, 3.7446497373029795, -9.77289404553416, -0.7116199649737309, -6.217097197898429, -2.63896234676007, -2.4872022767075257, -0.35123029772329095, -1.497631348511382, 0.11945709281961467, -0.3920665499124344, ]
covar[0][1] = [[4.847884424409048, -2.727480693455734, -0.021522163661934872, 2.1552386029862847, -1.2578446178164695, 1.8229704061183991, -1.1532367993787587, 1.1067030586835715, -0.11555084926052182, 0.501858898018195, 0.00414134794397028, 0.056886811014565726],
[-2.727480693455734, 13.25069555270656, -2.8093116506819644, 3.95598960751868, 3.5640258003594596, -1.6508215229066279, 0.8466658592784327, 1.4721244214684657, -1.4957519431605195, 0.9332629252149313, 0.01917674004189674, 0.24425808234240504],
[-0.021522163661934872, -2.8093116506819644, 15.504963931606762, -0.08357577287058904, 2.7666752206777634, 5.07423816648059, 1.6449783187927287, -2.8734006619182826, 6.369896657513933, -1.3079536580905506, 2.2892710007330366, 0.5298065441156179],
[2.1552386029862847, 3.95598960751868, -0.08357577287058904, 10.906723454623029, -0.3174454062909273, 2.6888903185297273, -0.6450010687881271, 1.3086872561081282, 0.549720038411579, 1.6094109267891163, 0.5237552151416532, 0.5114814536361991],
[-1.2578446178164695, 3.5640258003594596, 2.7666752206777634, -0.3174454062909273, 8.692464976414033, -1.256336409646334, 2.1251084673016587, -0.8594793557021961, 1.9015455551218978, 0.07065852189601897, 1.1249012220855685, 0.2881672301949753],
[1.8229704061183991, -1.6508215229066279, 5.07423816648059, 2.6888903185297273, -1.256336409646334, 10.085030496682169, -2.215081689860324, 0.5233603113373771, 2.741090436459673, -0.38961878465821737, 1.0112350260396705, 0.3717424698887565],
[-1.1532367993787587, 0.8466658592784327, 1.6449783187927287, -0.6450010687881271, 2.1251084673016587, -2.215081689860324, 5.3549885467433604, -1.5538872288109469, 1.2614569683912455, 0.12531667526093404, 0.2998864214930027, 0.10971834401194952],
[1.1067030586835715, 1.4721244214684657, -2.8734006619182826, 1.3086872561081282, -0.8594793557021961, 0.5233603113373771, -1.5538872288109469, 4.937867960835452, -1.5671846052528677, 0.692501078947892, -0.37740010106090877, -0.12619798368916782],
[-0.11555084926052182, -1.4957519431605195, 6.369896657513933, 0.549720038411579, 1.9015455551218978, 2.741090436459673, 1.2614569683912455, -1.5671846052528677, 5.327676113337744, -0.4214566742947972, 1.4816643933585052, 0.3061890512236182],
[0.501858898018195, 0.9332629252149313, -1.3079536580905506, 1.6094109267891163, 0.07065852189601897, -0.38961878465821737, 0.12531667526093404, 0.692501078947892, -0.4214566742947972, 1.883013259892928, 0.016809123085747075, 0.0679176795249678],
[0.00414134794397028, 0.01917674004189674, 2.2892710007330366, 0.5237552151416532, 1.1249012220855685, 1.0112350260396705, 0.2998864214930027, -0.37740010106090877, 1.4816643933585052, 0.016809123085747075, 0.9256152919418099, 0.14507992008673748],
[0.056886811014565726, 0.24425808234240504, 0.5298065441156179, 0.5114814536361991, 0.2881672301949753, 0.3717424698887565, 0.10971834401194952, -0.12619798368916782, 0.3061890512236182, 0.0679176795249678, 0.14507992008673748, 0.11435693777776404],
]
mean[0][2] = [2.4323068181818064, -0.7953030303030295, -1.991897727272727, 0.7937575757575771, 1.8949696969696959, -2.5880416666666632, -0.8856590909090901, -1.086238636363635, -0.15341287878787846, -1.1133484848484827, -0.17492803030303025, -0.264087121212121, ]
covar[0][2] = [[13.978023580104992, 5.048413369490365, -3.0285225541064063, -5.3145525316804525, -0.6876332444903583, -3.674165616003788, -0.7912866045971066, 0.531103103521005, 1.6187554486484181, -0.27198219989669425, 0.05340079988808503, -0.2599497005423557],
[5.048413369490365, 8.832133923324156, 1.949647777203856, -1.416269050734616, 2.9773000286960545, 2.1748392866161628, -0.8366267527548211, -1.0365401291322345, 0.08169239382460985, 0.7569680762167138, -0.05197567894857673, -0.008954969582185453],
[-3.0285225541064063, 1.949647777203856, 10.943237042570603, 2.942928835399452, 2.295886325068873, 4.664931367897717, 0.19604282119490374, 0.9814068728908409, -0.4255996206525478, 0.8503007667011024, 0.16569485248794752, 0.111794668001033],
[-5.3145525316804525, -1.416269050734616, 2.942928835399452, 10.994619971533535, 0.18022647750229684, 1.2203329065656574, -0.14150843250688666, -1.5077615957300283, -1.537597289485763, -1.0414082511478429, -0.5649874674012867, 0.04182372887970614],
[-0.6876332444903583, 2.9773000286960545, 2.295886325068873, 0.18022647750229684, 12.157135150596842, 4.3475801919191905, -0.06014566391184554, 0.14667585261707958, 0.17227264279155208, 1.8083620576216695, 0.13556922566574808, 0.10209182690541788],
[-3.674165616003788, 2.1748392866161628, 4.664931367897717, 1.2203329065656574, 4.3475801919191905, 12.150105596748755, 1.5562038475378794, 0.08221555066287832, -0.5738736573547971, 1.4410347392676763, 0.5841200673926764, 0.3058716403093436],
[-0.7912866045971066, -0.8366267527548211, 0.19604282119490374, -0.14150843250688666, -0.06014566391184554, 1.5562038475378794, 5.88467767165978, 1.7992300358987574, -0.12656579106404986, 0.4727122627410465, 0.2995071497073, 0.18143584788223155],
[0.531103103521005, -1.0365401291322345, 0.9814068728908409, -1.5077615957300283, 0.14667585261707958, 0.08221555066287832, 1.7992300358987574, 6.607676799113306, 1.7856804885933182, 0.8003057009297515, 0.7180898997503423, 0.13007241860365001],
[1.6187554486484181, 0.08169239382460985, -0.4255996206525478, -1.537597289485763, 0.17227264279155208, -0.5738736573547971, -0.12656579106404986, 1.7856804885933182, 3.470609905288678, 0.6534478902089058, 0.4020412872905184, 0.051247376908287436],
[-0.27198219989669425, 0.7569680762167138, 0.8503007667011024, -1.0414082511478429, 1.8083620576216695, 1.4410347392676763, 0.4727122627410465, 0.8003057009297515, 0.6534478902089058, 1.9099685603764913, 0.3424681955348942, 0.08586294312442617],
[0.05340079988808503, -0.05197567894857673, 0.16569485248794752, -0.5649874674012867, 0.13556922566574808, 0.5841200673926764, 0.2995071497073, 0.7180898997503423, 0.4020412872905184, 0.3424681955348942, 0.638185070577938, 0.06543137369432955],
[-0.2599497005423557, -0.008954969582185453, 0.111794668001033, 0.04182372887970614, 0.10209182690541788, 0.3058716403093436, 0.18143584788223155, 0.13007241860365001, 0.051247376908287436, 0.08586294312442617, 0.06543137369432955, 0.0759902272583794],
]
mean[0][3] = [-2.2476420349053075, 8.244411437059043, 2.9733494244337164, 0.4605644262903817, -1.544444857036764, -1.0029483847010776, -1.1871036019309296, -2.0817564054957236, -0.1530634979576676, -0.8005978462681013, 0.009610100259933196, -0.18834014110657263, ]
covar[0][3] = [[11.314076913078987, -0.6655375835964813, 3.4006467252710144, -2.054912248090217, -0.572937643950173, -1.5727350455837907, -1.7976637178342871, 0.0463515979112128, -0.824582638985507, -0.3432316389440019, -0.03662347721375821, -0.011491511364267824],
[-0.6655375835964813, 8.996243962914116, -0.8212705871378645, 2.627341327373069, -2.8644401021531407, 0.45249065236177144, -0.07021816160752335, -0.14261917337642455, 0.8968854416471363, 0.6174099154896631, 0.4401571971811788, 0.10408825877324399],
[3.4006467252710144, -0.8212705871378645, 6.153259705975339, -2.2902414746101516, 1.514142886227433, -0.46679576887114543, -1.1164851561494926, 0.7290183597391667, -0.007555613534504368, -0.12839870309196533, 0.18190520493711695, -0.02148027178879274],
[-2.054912248090217, 2.627341327373069, -2.2902414746101516, 11.434739525463073, -1.016070940890202, 1.5987026667451718, 2.685678424610073, 0.2837072297572795, -0.05773161659231504, 0.9856520641390002, 0.1902262876522854, -0.04796521462514598],
[-0.572937643950173, -2.8644401021531407, 1.514142886227433, -1.016070940890202, 9.343483213910636, 1.1920617184682973, -0.6451837839268882, 1.5597706185763902, 0.07566625693629653, -0.9700968274117439, -0.22230180731522087, -0.054873535643908566],
[-1.5727350455837907, 0.45249065236177144, -0.46679576887114543, 1.5987026667451718, 1.1920617184682973, 5.345767170377083, 1.035075602451045, 0.5036892514446212, 0.7310745175737892, 0.4663173981064359, 0.07868941856519276, 0.17637236512425353],
[-1.7976637178342871, -0.07021816160752335, -1.1164851561494926, 2.685678424610073, -0.6451837839268882, 1.035075602451045, 5.775208172333846, -0.12298652062277524, 0.3660128463735876, 1.2744186272561788, 0.3185839365829828, 0.06390239624977029],
[0.0463515979112128, -0.14261917337642455, 0.7290183597391667, 0.2837072297572795, 1.5597706185763902, 0.5036892514446212, -0.12298652062277524, 3.9884690650582844, 0.36594077595791236, -0.2540411911670433, 0.1011556464070663, -0.013452450377806872],
[-0.824582638985507, 0.8968854416471363, -0.007555613534504368, -0.05773161659231504, 0.07566625693629653, 0.7310745175737892, 0.3660128463735876, 0.36594077595791236, 2.5559688919947434, 0.620168573252244, 0.2529746317590582, 0.16167656659334229],
[-0.3432316389440019, 0.6174099154896631, -0.12839870309196533, 0.9856520641390002, -0.9700968274117439, 0.4663173981064359, 1.2744186272561788, -0.2540411911670433, 0.620168573252244, 1.9961109311056384, 0.5430569521951041, 0.12106694109647938],
[-0.03662347721375821, 0.4401571971811788, 0.18190520493711695, 0.1902262876522854, -0.22230180731522087, 0.07868941856519276, 0.3185839365829828, 0.1011556464070663, 0.2529746317590582, 0.5430569521951041, 0.6060529114761519, 0.06651267837053029],
[-0.011491511364267824, 0.10408825877324399, -0.02148027178879274, -0.04796521462514598, -0.054873535643908566, 0.17637236512425353, 0.06390239624977029, -0.013452450377806872, 0.16167656659334229, 0.12106694109647938, 0.06651267837053029, 0.07932940231368245],
]
mean[0][4] = [-6.291042765742514, 2.0083757997530527, -0.7803524525760451, -0.013065439443258048, 0.14020316533842078, -0.09469188461106773, 0.22736109552138287, -0.3329980918172639, 0.5041587159052633, -0.17853631159501604, 0.1794993826467618, -0.07582444718823633, ]
covar[0][4] = [[3.781624605758932, -0.975181276105095, 0.9042375716371729, 0.47388976563784624, 0.626963316579413, 0.029687665550787133, -0.5604199366284232, -0.3370642891764487, -0.303267141713913, -0.019766842780863964, -0.18152996416379052, 0.011550049487666508],
[-0.975181276105095, 5.006522235696744, 0.9045278819184241, 0.24888966697623166, -0.2672388326633239, 0.763970154723277, 0.3614697177070593, 0.21882718796850367, 0.14417822164318644, 0.08742326631173189, 0.013257251775384253, -0.02554112467738402],
[0.9042375716371729, 0.9045278819184241, 3.680137983308923, 0.3125646733101523, -0.191833501185412, 0.040458128575858086, -0.3255913667257881, -0.20875224088094052, -0.06652854884185132, -0.08304899584896283, -0.09163068491845205, -0.02995606563746465],
[0.47388976563784624, 0.24888966697623166, 0.3125646733101523, 5.028756020075105, 1.486217976029337, -0.019916683732038195, 0.008324125212558958, -0.16494196631356267, -0.19226888825554286, 0.03236736708164135, -0.11185504230103427, -8.690499105074203E-4],
[0.626963316579413, -0.2672388326633239, -0.191833501185412, 1.486217976029337, 3.966486197358944, 0.8914066328781187, -0.609801091433707, -0.14135093427475753, -0.14920559291455732, -0.003918009796387027, -0.08621674642300946, -0.027903553457244313],
[0.029687665550787133, 0.763970154723277, 0.040458128575858086, -0.019916683732038195, 0.8914066328781187, 3.8277109304325228, 1.0023614540119865, -0.2885593018563205, 0.016332240916471123, 0.21905908431645904, 0.08410421755467914, 0.012790665406614828],
[-0.5604199366284232, 0.3614697177070593, -0.3255913667257881, 0.008324125212558958, -0.609801091433707, 1.0023614540119865, 3.5601268671406237, 0.9045499174835975, -0.024826886136386582, 0.18500115740424222, 0.09564828044517043, 0.011284326775912549],
[-0.3370642891764487, 0.21882718796850367, -0.20875224088094052, -0.16494196631356267, -0.14135093427475753, -0.2885593018563205, 0.9045499174835975, 2.691811294305461, 0.7443473206085784, -0.00522576101500766, 0.05512851369519537, 0.012842432261264114],
[-0.303267141713913, 0.14417822164318644, -0.06652854884185132, -0.19226888825554286, -0.14920559291455732, 0.016332240916471123, -0.024826886136386582, 0.7443473206085784, 1.7612925378354196, 0.4220071804180699, -0.0177045967142285, 0.01376122974164604],
[-0.019766842780863964, 0.08742326631173189, -0.08304899584896283, 0.03236736708164135, -0.003918009796387027, 0.21905908431645904, 0.18500115740424222, -0.00522576101500766, 0.4220071804180699, 0.8921922228648657, 0.1720722447020195, 0.007961628778912818],
[-0.18152996416379052, 0.013257251775384253, -0.09163068491845205, -0.11185504230103427, -0.08621674642300946, 0.08410421755467914, 0.09564828044517043, 0.05512851369519537, -0.0177045967142285, 0.1720722447020195, 0.3091231077838832, 0.042946146926203035],
[0.011550049487666508, -0.02554112467738402, -0.02995606563746465, -8.690499105074203E-4, -0.027903553457244313, 0.012790665406614828, 0.011284326775912549, 0.012842432261264114, 0.01376122974164604, 0.007961628778912818, 0.042946146926203035, 0.046928641759502544],
]
mean[0][5] = [1.992878133102851, -5.121322385479692, -0.33905790838375416, -5.585864304235085, -1.5783016421780491, -5.018923941227305, 2.5194770959377624, -1.3646802074330149, -0.7783707865168563, -1.4284658599827145, -0.004226447709593764, -0.42220397579948116, ]
covar[0][5] = [[4.816082209003248, 1.7175663384128308, 0.870096078509003, 1.712902919734748, 1.5199987851931283, -3.42130737534633, -0.5193400248310044, 4.261334299992009, 1.583847125945638, 0.2489543140136066, 0.3234457857138056, 0.14272725949819562],
[1.7175663384128308, 4.640597819144529, -1.2482939140880072, 2.46656705066078, 0.2813750635155303, -1.0116011699482084, 0.4876871650447577, 2.8587280806245707, 0.75679813543356, 0.6132060477391768, 0.2710644196499609, -0.04425464311406495],
[0.870096078509003, -1.2482939140880072, 15.519102396819491, -6.395593827059972, 1.1128009496888271, -1.1837642376007451, 0.13900515986640327, 1.56234909371314, 2.8023782404125384, 0.04637854605650978, 1.3908619332999144, 0.4633333209452215],
[1.712902919734748, 2.46656705066078, -6.395593827059972, 11.053335402502817, -3.712235589146221, 0.6559282636635883, 0.31045095254618643, 1.7971638243669545, -0.985525104396299, 0.6078439577701092, -0.09297400730139145, -0.018534359529645064],
[1.5199987851931283, 0.2813750635155303, 1.1128009496888271, -3.712235589146221, 9.316423433644639, -4.758859044473191, 0.4261020116737083, 2.7149388907585252, 2.961238460324553, -0.07563847414445428, 0.6031576533878555, 0.19793395057255514],
[-3.42130737534633, -1.0116011699482084, -1.1837642376007451, 0.6559282636635883, -4.758859044473191, 13.050327320922056, -1.2749856516719444, -2.8401094409176775, -3.5736768611674923, 1.5373608815865825, -0.29740820058133194, -0.2601758911409937],
[-0.5193400248310044, 0.4876871650447577, 0.13900515986640327, 0.31045095254618643, 0.4261020116737083, -1.2749856516719444, 6.863398214038936, 0.28116501164607, 0.20154799971837306, -0.09248173884640419, 0.6999169775273437, -0.04006295022070761],
[4.261334299992009, 2.8587280806245707, 1.56234909371314, 1.7971638243669545, 2.7149388907585252, -2.8401094409176775, 0.28116501164607, 12.54425238260739, 1.5839698981771897, 0.6833484074055266, 0.9436755521051464, 0.08667775753763662],
[1.583847125945638, 0.75679813543356, 2.8023782404125384, -0.985525104396299, 2.961238460324553, -3.5736768611674923, 0.20154799971837306, 1.5839698981771897, 4.1322294545657625, -0.45507968180979413, 0.8718353646101394, 0.1925109805482991],
[0.2489543140136066, 0.6132060477391768, 0.04637854605650978, 0.6078439577701092, -0.07563847414445428, 1.5373608815865825, -0.09248173884640419, 0.6833484074055266, -0.45507968180979413, 1.3638454856538156, -0.12718919451626254, 0.01927909425846506],
[0.3234457857138056, 0.2710644196499609, 1.3908619332999144, -0.09297400730139145, 0.6031576533878555, -0.29740820058133194, 0.6999169775273437, 0.9436755521051464, 0.8718353646101394, -0.12718919451626254, 0.7496976946159933, 0.030858489678773086],
[0.14272725949819562, -0.04425464311406495, 0.4633333209452215, -0.018534359529645064, 0.19793395057255514, -0.2601758911409937, -0.04006295022070761, 0.08667775753763662, 0.1925109805482991, 0.01927909425846506, 0.030858489678773086, 0.09279298173008765],
]
A[0] = [[0.9329632792485055, 0.0, 0.016225448334756618, 0.0, 0.0, 0.05081127241673783, ],
[0.07417974322396577, 0.9220161673799334, 0.0, 0.0019020446980504042, 9.510223490252021E-4, 9.510223490252021E-4, ],
[0.0, 0.0, 0.9354706124126593, 0.008631319358816275, 0.05589806822852446, 0.0, ],
[4.0749796251018743E-4, 0.05990220048899755, 4.0749796251018743E-4, 0.9140179299103505, 0.02526487367563162, 0.0, ],
[0.0, 0.002062355938371952, 1.2131505519835011E-4, 0.02341380565328157, 0.9744025233531481, 0.0, ],
[0.0, 0.0, 0.05814512253724171, 0.0, 0.0, 0.9418548774627583, ],
]
Pi[0] = [0.0, 0.0, 0.0, 0.0, 1.0, 0.0, ]
mean[1][0] = [6.246643666830934, 2.8437161163134537, -4.378896007885659, -5.802020699852147, 0.33734351897486387, -4.171399704287825, 0.7886742237555449, -2.8991424346968966, -0.19695416461310952, -1.1531493346476118, -0.04716116313454915, -0.35521439132577637, ]
covar[1][0] = [[3.9014387596703415, 1.798212275382994, 1.743520265247066, 0.6934426017910339, -1.4977673684750057, 1.3261001813769357, -0.9767386537881838, 1.3309961261802452, -1.1795454696210013, 0.5222059896653772, -0.10132093027153596, 0.12018861015035558],
[1.798212275382994, 13.570937595112383, 6.521564157663612, -2.018589780149391, -2.821419600854147, -0.9309834136173863, 2.0746474107209902, 1.1381655169825584, -0.8155016587475686, 0.9949630586413226, 0.4339424816017912, 0.45840631666367476],
[1.743520265247066, 6.521564157663612, 12.430820368190075, 0.6700638375395103, -1.753656998266389, 1.190486118944113, -1.4075216019030115, 3.6098878161920798, -2.9724728056536525, 1.1131915004975896, -0.25747780137731824, 0.37428643678490375],
[0.6934426017910339, -2.018589780149391, 0.6700638375395103, 10.895967922686324, -4.854394525171122, 2.7830302420958133, -5.170199081164423, -0.1945059063490676, 0.2759825470306, -1.0876849247274791, -0.2726431053567527, -0.16601280384644412],
[-1.4977673684750057, -2.821419600854147, -1.753656998266389, -4.854394525171122, 16.140667019008067, -0.28650598541454375, 4.759180608213922, 1.8192294343405553, 2.667530269616924, 2.7997588590863765, 0.8623120262842296, 0.40208324023201275],
[1.3261001813769357, -0.9309834136173863, 1.190486118944113, 2.7830302420958133, -0.28650598541454375, 8.681439144820025, -2.8805589281441732, 2.5626907518410453, -0.9896067273669301, 1.0203032803793006, 0.4159155063068983, 0.05836214446950946],
[-0.9767386537881838, 2.0746474107209902, -1.4075216019030115, -5.170199081164423, 4.759180608213922, -2.8805589281441732, 9.120902776570658, -1.389845979866603, 2.3190370100035387, 0.3578832569195643, 0.7414008065407407, 0.34718914405487106],
[1.3309961261802452, 1.1381655169825584, 3.6098878161920798, -0.1945059063490676, 1.8192294343405553, 2.5626907518410453, -1.389845979866603, 5.482885711107132, -1.758342878143703, 1.7422261113071886, -0.101095288110471, 0.21930757665889938],
[-1.1795454696210013, -0.8155016587475686, -2.9724728056536525, 0.2759825470306, 2.667530269616924, -0.9896067273669301, 2.3190370100035387, -1.758342878143703, 4.972253906721202, -0.04784225584617012, 0.6595319152233468, 0.02703470918599963],
[0.5222059896653772, 0.9949630586413226, 1.1131915004975896, -1.0876849247274791, 2.7997588590863765, 1.0203032803793006, 0.3578832569195643, 1.7422261113071886, -0.04784225584617012, 2.0400985587735825, 0.18495305084651087, 0.20999920159656388],
[-0.10132093027153596, 0.4339424816017912, -0.25747780137731824, -0.2726431053567527, 0.8623120262842296, 0.4159155063068983, 0.7414008065407407, -0.101095288110471, 0.6595319152233468, 0.18495305084651087, 0.5666139222768153, 0.057110662835897705],
[0.12018861015035558, 0.45840631666367476, 0.37428643678490375, -0.16601280384644412, 0.40208324023201275, 0.05836214446950946, 0.34718914405487106, 0.21930757665889938, 0.02703470918599963, 0.20999920159656388, 0.057110662835897705, 0.11178601860018439],
]
mean[1][1] = [-3.4624582066869385, -2.051956686930092, 1.0541869300911855, -2.5694414893616995, -0.8996048632218838, 0.48676671732523025, -0.9952887537993921, -4.11656914893617, 0.7847302431610935, -1.7732902735562364, -0.1312196048632218, -0.16659194528875368, ]
covar[1][1] = [[7.550698554484323, -0.5212137765062462, 0.6046027315492744, -1.3715267425669357, -2.2354865286721313, -0.5789270210254184, 2.1339357073567307, -2.246620061699704, -0.9997674754280942, -0.5862386732788412, -0.2677684235727454, -0.2855671922059345],
[-0.5212137765062462, 7.013244005722761, 0.9734143475265825, -2.0066394846771307, 1.8838954920039552, 0.7425681035692343, -0.6168654776147666, 2.552912564165266, 0.48374576776302397, 0.7376953096850998, 0.4035068841318213, 0.18524219281222004],
[0.6046027315492744, 0.9734143475265825, 4.863554430102736, 0.6771454579075844, 1.4218018030367445, 1.292300125674421, 0.7715545144630958, 0.6538360152056515, 0.5567717601521144, 0.31238079742195685, 0.12492148178024044, 0.11368569271925616],
[-1.3715267425669357, -2.0066394846771307, 0.6771454579075844, 8.94146393578622, 1.3605838218650952, 1.9129632799869043, -0.6518965902476866, -0.44584728090845893, -0.19160758110085363, 0.9156916932758854, 0.24848533161821826, 0.1623757561396557],
[-2.2354865286721313, 1.8838954920039552, 1.4218018030367445, 1.3605838218650952, 9.017183810432282, 3.3461977061603236, -1.7240621199453063, 1.2385052172928908, -0.1965724617982099, 0.2936545675852958, 0.35334774634842675, 0.2936027566957078],
[-0.5789270210254184, 0.7425681035692343, 1.292300125674421, 1.9129632799869043, 3.3461977061603236, 7.447642167463705, -0.3028147824068525, 0.31426337254656317, 0.3679873306874246, 0.5746035713419595, 0.29690065393716314, 0.367147151423098],
[2.1339357073567307, -0.6168654776147666, 0.7715545144630958, -0.6518965902476866, -1.7240621199453063, -0.3028147824068525, 8.463795357350733, 0.23260347927310318, 0.31983717514620086, 1.50320132955627, -0.048530424353987765, -0.0507356230541108],
[-2.246620061699704, 2.552912564165266, 0.6538360152056515, -0.44584728090845893, 1.2385052172928908, 0.31426337254656317, 0.23260347927310318, 7.393941686707798, 1.4058983609058715, 1.69771284618929, 0.3624393286595423, 0.275751567350288],
[-0.9997674754280942, 0.48374576776302397, 0.5567717601521144, -0.19160758110085363, -0.1965724617982099, 0.3679873306874246, 0.31983717514620086, 1.4058983609058715, 3.2985199880215217, 0.48673987990341055, 0.13284984197589175, 0.0866491146348196],
[-0.5862386732788412, 0.7376953096850998, 0.31238079742195685, 0.9156916932758854, 0.2936545675852958, 0.5746035713419595, 1.50320132955627, 1.69771284618929, 0.48673987990341055, 2.607511362549777, 0.18388295525147608, 0.1453430143441487],
[-0.2677684235727454, 0.4035068841318213, 0.12492148178024044, 0.24848533161821826, 0.35334774634842675, 0.29690065393716314, -0.048530424353987765, 0.3624393286595423, 0.13284984197589175, 0.18388295525147608, 0.5426990064849504, 0.050767872285570996],
[-0.2855671922059345, 0.18524219281222004, 0.11368569271925616, 0.1623757561396557, 0.2936027566957078, 0.367147151423098, -0.0507356230541108, 0.275751567350288, 0.0866491146348196, 0.1453430143441487, 0.050767872285570996, 0.10104883349135317],
]
mean[1][2] = [-1.4448018292682923, 4.911072154471538, 3.7724542682926794, -0.44280487804878055, 1.0968546747967483, 0.24788617886178885, -0.5706046747967486, -1.6041158536585354, -0.492306910569105, -0.6539939024390228, -0.15525914634146346, -0.17332825203251997, ]
covar[1][2] = [[10.010712968858435, 3.7552404633433767, 2.8523726081480545, -0.02220782830160603, 0.6623300694496083, 0.15302308149910765, 0.029612441983318798, -0.07169095265095173, -0.7361267786102021, 0.2176341756209101, -0.048566971002503526, 0.04404006504994544],
[3.7552404633433767, 6.284942498858759, 2.2759104784013746, 0.6503890844983146, 0.4726938194289525, 0.11827040658668778, 0.02182945928039737, 0.4685506526683041, -0.4016173437086878, 0.07829132476328558, -0.10528501178923763, 0.04665758262794141],
[2.8523726081480545, 2.2759104784013746, 12.533374210306983, 2.456808865630578, 1.0880833800410232, 1.8675088972337897, -0.6036390647463061, -0.7077950815176972, 0.6896113528343739, -0.3349523422008227, -0.17697428776583882, 0.1273609631388805],
[-0.02220782830160603, 0.6503890844983146, 2.456808865630578, 6.971997722090025, 0.7033188708358111, -0.2626484594983157, 0.5442762511154075, -0.21106977617489578, -0.793135383204441, -0.5271952979377357, -0.07295768825599848, 0.003320187016656717],
[0.6623300694496083, 0.4726938194289525, 1.0880833800410232, 0.7033188708358111, 7.1590167837586245, 1.9797070708572957, -0.9598516986468472, 0.2963374099928113, -0.1731721950083449, -0.18116047878866764, -0.022484377091389104, 0.0029975092072757423],
[0.15302308149910765, 0.11827040658668778, 1.8675088972337897, -0.2626484594983157, 1.9797070708572957, 6.561169922004099, 0.6937126445898608, -0.08754396440610722, 1.5649338939288766, 0.26043779744199813, 0.29515494001586395, 0.13341095247537837],
[0.029612441983318798, 0.02182945928039737, -0.6036390647463061, 0.5442762511154075, -0.9598516986468472, 0.6937126445898608, 5.085832002254564, 1.1930998994584099, -0.12785469777620798, 0.8530290890528955, 0.25982253130886934, 0.05509148342483801],
[-0.07169095265095173, 0.4685506526683041, -0.7077950815176972, -0.21106977617489578, 0.2963374099928113, -0.08754396440610722, 1.1930998994584099, 3.288081230480363, 0.640860830296948, 0.6348147608690263, 0.2429538622533711, 0.0398851835155166],
[-0.7361267786102021, -0.4016173437086878, 0.6896113528343739, -0.793135383204441, -0.1731721950083449, 1.5649338939288766, -0.12785469777620798, 0.640860830296948, 3.505426487106714, 0.23127869292831638, 0.18728949363598046, 0.05978104153240479],
[0.2176341756209101, 0.07829132476328558, -0.3349523422008227, -0.5271952979377357, -0.18116047878866764, 0.26043779744199813, 0.8530290890528955, 0.6348147608690263, 0.23127869292831638, 2.1404014267920886, 0.39919210523869736, 0.08019839427795945],
[-0.048566971002503526, -0.10528501178923763, -0.17697428776583882, -0.07295768825599848, -0.022484377091389104, 0.29515494001586395, 0.25982253130886934, 0.2429538622533711, 0.18728949363598046, 0.39919210523869736, 0.5229215791846379, 0.07791801452818256],
[0.04404006504994544, 0.04665758262794141, 0.1273609631388805, 0.003320187016656717, 0.0029975092072757423, 0.13341095247537837, 0.05509148342483801, 0.0398851835155166, 0.05978104153240479, 0.08019839427795945, 0.07791801452818256, 0.07053785566523721],
]
mean[1][3] = [2.36489532449407, 4.939448709002093, 5.76043265875786, -4.20817515701326, -0.42289951151430555, -3.0149790648988164, -1.7409246336357271, -2.5096824842986782, -2.101800418702024, -1.3228018143754376, -0.4231158408932314, -0.3361514305652473, ]
covar[1][3] = [[3.95014397020145, 0.6247411146590016, -1.1544299965814255, 0.46412124823897316, -0.6187329099279324, 1.081370047550779, 0.8894891390823123, 1.469264391226346, -0.08336801818758252, 1.1837615873885807, 0.20569414349188145, 0.17567463523057544],
[0.6247411146590016, 7.947553080586249, -0.3671275702718656, -1.3364260700446846, 1.0281090435351738, 2.8894666898386183, -1.5935042082767463, 0.5861959880233103, -0.40871721725804244, 0.016471483996262186, -0.029039854511029525, 0.18817752293779055],
[-1.1544299965814255, -0.3671275702718656, 11.23816834037094, 0.20900761939800858, 2.358607779272252, 0.9759982812423149, 2.245462263274852, 1.5505489554363363, 0.6570841355614776, 1.9053817076935902, 0.20001963141755316, 0.26967963285900237],
[0.46412124823897316, -1.3364260700446846, 0.20900761939800858, 9.530514360108569, 0.05065741955520802, -3.059164465977174, 0.669352664282597, 0.5734043403324788, -0.5331079496895273, -0.830057971566929, 0.10132288759520992, 0.024707701319559003],
[-0.6187329099279324, 1.0281090435351738, 2.358607779272252, 0.05065741955520802, 7.836761690530111, 0.8103147327183148, 0.6055720922171957, 1.0330781711638086, 0.10072579850683316, 1.4953957142088425, 0.008369262861890329, 0.212529930778787],
[1.081370047550779, 2.8894666898386183, 0.9759982812423149, -3.059164465977174, 0.8103147327183148, 10.468528349177896, -2.8187219799448666, 0.9200741908405655, 2.260344280539118, 2.225231862564156, 0.5037793220343533, 0.43908821321906394],
[0.8894891390823123, -1.5935042082767463, 2.245462263274852, 0.669352664282597, 0.6055720922171957, -2.8187219799448666, 11.313754657962654, 0.13547374089902603, -0.18035979452531822, 2.1312749041144134, 0.5922477121499062, 0.01804731287822838],
[1.469264391226346, 0.5861959880233103, 1.5505489554363363, 0.5734043403324788, 1.0330781711638086, 0.9200741908405655, 0.13547374089902603, 6.195675230656203, -0.3277766788621703, 1.6937305127882363, 0.3283038853507366, 0.17491699155680923],
[-0.08336801818758252, -0.40871721725804244, 0.6570841355614776, -0.5331079496895273, 0.10072579850683316, 2.260344280539118, -0.18035979452531822, -0.3277766788621703, 4.689473171611834, 0.5560873491409001, 0.33152338529692604, 0.277291890655368],
[1.1837615873885807, 0.016471483996262186, 1.9053817076935902, -0.830057971566929, 1.4953957142088425, 2.225231862564156, 2.1312749041144134, 1.6937305127882363, 0.5560873491409001, 4.181896232180945, 0.5313373621066383, 0.2558405108208517],
[0.20569414349188145, -0.029039854511029525, 0.20001963141755316, 0.10132288759520992, 0.008369262861890329, 0.5037793220343533, 0.5922477121499062, 0.3283038853507366, 0.33152338529692604, 0.5313373621066383, 0.6364377793233857, 0.07933938162074397],
[0.17567463523057544, 0.18817752293779055, 0.26967963285900237, 0.024707701319559003, 0.212529930778787, 0.43908821321906394, 0.01804731287822838, 0.17491699155680923, 0.277291890655368, 0.2558405108208517, 0.07933938162074397, 0.16899855208622921],
]
mean[1][4] = [-6.422103126268794, 2.247576126674788, -0.6400446609825406, -0.1012112599810528, -0.06979158208147226, -0.10356746515090057, 0.31945594803085736, -0.31970496684260485, 0.5196603058600617, -0.04811747191771556, 0.20009338205440552, -0.04502368385437797, ]
covar[1][4] = [[1.7793527835184428, 0.31115053904567913, 0.10436383894550395, 0.004056269727959762, -0.019732258923473828, -0.013226301043232311, -0.48978752937713016, -0.3924071613458844, -0.2719578804773211, -0.13655803836968444, -0.12351451466272466, -0.03366023386751889],
[0.31115053904567913, 2.5960411271388355, 0.5793841250672357, 0.07872525461276757, -0.024243506189617195, 0.3155791997156794, 0.16031389308827068, 0.04249915875542655, -0.27089641141183446, -0.006756460132906339, 0.021910687843090314, -0.023000307778837735],
[0.10436383894550395, 0.5793841250672357, 3.061505384390548, 0.6253855325868449, -0.42842857372067755, -0.10253549563723134, -0.14488329672988945, -0.23468650732698068, -0.15667149981040257, -0.155627470397311, -0.11605755436241999, -0.0430001296272394],
[0.004056269727959762, 0.07872525461276757, 0.6253855325868449, 3.486384633810137, 0.8286403255298916, 0.17490586969642666, -0.031579329985806474, 0.017261624109725152, -0.08372745165280172, -0.06719122362615608, -0.028627603766492513, 0.016137588040262982],
[-0.019732258923473828, -0.024243506189617195, -0.42842857372067755, 0.8286403255298916, 3.266006344435829, 0.9112022728239739, -0.5180231644552662, -0.1611751190081284, -0.16579562550697313, -0.01610313967969237, -0.03286017645261388, -0.022827346532259336],
[-0.013226301043232311, 0.3155791997156794, -0.10253549563723134, 0.17490586969642666, 0.9112022728239739, 3.763939255869331, 0.8094439922574229, -0.23408778223385726, 0.04463059218601578, 0.10290325124377463, 0.09461459758437632, 0.012770953538178172],
[-0.48978752937713016, 0.16031389308827068, -0.14488329672988945, -0.031579329985806474, -0.5180231644552662, 0.8094439922574229, 3.059498553648823, 0.9288930553570564, -0.04779063006772797, 0.08918632666976456, 0.05416074914005398, 0.010670050722818415],
[-0.3924071613458844, 0.04249915875542655, -0.23468650732698068, 0.017261624109725152, -0.1611751190081284, -0.23408778223385726, 0.9288930553570564, 2.3886755388858685, 0.6379396319574001, -0.035620801720289606, 0.050291744001505045, 0.008214826313547505],
[-0.2719578804773211, -0.27089641141183446, -0.15667149981040257, -0.08372745165280172, -0.16579562550697313, 0.04463059218601578, -0.04779063006772797, 0.6379396319574001, 1.558849945509228, 0.32469354786107546, -0.02380316221559632, 4.855448035627961E-4],
[-0.13655803836968444, -0.006756460132906339, -0.155627470397311, -0.06719122362615608, -0.01610313967969237, 0.10290325124377463, 0.08918632666976456, -0.035620801720289606, 0.32469354786107546, 0.8446245113052301, 0.16729668440325132, -0.0027063635887922036],
[-0.12351451466272466, 0.021910687843090314, -0.11605755436241999, -0.028627603766492513, -0.03286017645261388, 0.09461459758437632, 0.05416074914005398, 0.050291744001505045, -0.02380316221559632, 0.16729668440325132, 0.3021990303919855, 0.04123564302907828],
[-0.03366023386751889, -0.023000307778837735, -0.0430001296272394, 0.016137588040262982, -0.022827346532259336, 0.012770953538178172, 0.010670050722818415, 0.008214826313547505, 4.855448035627961E-4, -0.0027063635887922036, 0.04123564302907828, 0.043267359704333534],
]
mean[1][5] = [1.6275986129172082, -4.919284785435634, -3.4153489380147386, -0.8194971824880798, 0.3643042912873864, -5.724538361508453, 3.229592544429999, -3.736423927178152, 0.16441699176419514, -2.434390983961854, 0.08968357173818853, -0.48691374078889826, ]
covar[1][5] = [[5.31423914014545, 1.189248401512218, -2.742351249725438, 0.9919075360247138, 3.1821460536513846, 0.40843821303738315, -3.1869294570021007, 2.708455271540281, 0.35434649767419785, 0.2724314581486135, -0.21266746987974422, 0.10114308533854784],
[1.189248401512218, 5.518721595100106, 0.5853179998906485, -2.6897789465318103, 3.839017857789064, -0.5784116652377589, 1.2153754106205814, 1.8414864323709736, 3.3881847472750675, 1.3828374707947686, 0.5645173914636464, 0.3019218065332904],
[-2.742351249725438, 0.5853179998906485, 15.426164019984766, -4.166590851856045, -0.9090335002364616, 2.2750490232418676, 7.236732150844498, -0.7545907114266924, 0.08413099509248806, 2.3090267946501624, 1.0630179866819474, 0.1254772797740204],
[0.9919075360247138, -2.6897789465318103, -4.166590851856045, 11.885682451985979, -6.160666576930142, 2.5188181467270714, -6.6969637743179495, -0.9382180096421661, -3.3290162651540696, -1.915968923475768, 0.43977077028902656, -0.10143341138304501],
[3.1821460536513846, 3.839017857789064, -0.9090335002364616, -6.160666576930142, 21.14490340632314, -3.3028851036281845, 5.729950345051509, 6.074162977718624, 5.130141889584648, 1.3544287830389004, 0.7860234252850645, 0.6783151943849292],
[0.40843821303738315, -0.5784116652377589, 2.2750490232418676, 2.5188181467270714, -3.3028851036281845, 7.456491020093179, -2.5123636177112383, -0.7321536447843758, -1.689801410531526, 1.034854714520121, 0.14623358777464182, -0.09853007666495878],
[-3.1869294570021007, 1.2153754106205814, 7.236732150844498, -6.6969637743179495, 5.729950345051509, -2.5123636177112383, 13.642307592974328, 1.0532004167786977, 3.2400972483624857, 1.2928880678262127, 0.8700923288068622, 0.25422475122828714],
[2.708455271540281, 1.8414864323709736, -0.7545907114266924, -0.9382180096421661, 6.074162977718624, -0.7321536447843758, 1.0532004167786977, 7.489684957693648, 1.4307472300901376, 1.4471019183431675, 0.1689563548041431, 0.4084064318862192],
[0.35434649767419785, 3.3881847472750675, 0.08413099509248806, -3.3290162651540696, 5.130141889584648, -1.689801410531526, 3.2400972483624857, 1.4307472300901376, 5.901206541332446, 0.5352858015286402, 0.48019099454009045, 0.19182971435571722],
[0.2724314581486135, 1.3828374707947686, 2.3090267946501624, -1.915968923475768, 1.3544287830389004, 1.034854714520121, 1.2928880678262127, 1.4471019183431675, 0.5352858015286402, 2.2630446551072603, -0.047981536808969445, 0.13593479141994272],
[-0.21266746987974422, 0.5645173914636464, 1.0630179866819474, 0.43977077028902656, 0.7860234252850645, 0.14623358777464182, 0.8700923288068622, 0.1689563548041431, 0.48019099454009045, -0.047981536808969445, 0.7629647459936592, 0.07164276244873197],
[0.10114308533854784, 0.3019218065332904, 0.1254772797740204, -0.10143341138304501, 0.6783151943849292, -0.09853007666495878, 0.25422475122828714, 0.4084064318862192, 0.19182971435571722, 0.13593479141994272, 0.07164276244873197, 0.10768427647785779],
]
