prob = [[[] for i in range(6)] for j in range(30)]
A = [[] for i in range(30)]
Pi = [[] for i in range(30)]
prob[0][0] = [0.0, 0.0, 0.0, 0.0, 0.0, 0.0, 0.0, 0.0, 0.0, 0.0, 0.0, 0.5381389252948886, 0.4618610747051114, 0.0, 0.0, 0.0, 0.0, 0.0, 0.0, 0.0, 0.0, 0.0, 0.0, 0.0, 0.0, 0.0, 0.0, 0.0, 0.0, 0.0, 0.0, 0.0, ]
prob[0][1] = [0.0, 0.0, 0.0, 0.0, 0.0, 0.0, 0.0, 0.0, 0.0, 0.0, 0.0, 0.0, 0.0, 0.0, 0.0, 0.0, 0.0, 0.0, 0.0, 0.0, 0.0, 0.0, 0.0, 0.0, 0.0, 0.025683172385453052, 0.20382165605095542, 0.08506266694062051, 0.30408876104376414, 0.10992397780973906, 0.14629134990754059, 0.12512841586192727, ]
prob[0][2] = [0.0, 0.0, 0.0, 0.0, 0.0, 0.0, 0.0, 0.0, 0.0, 0.0, 0.0, 0.0, 0.0, 0.0, 0.0, 0.0, 0.0, 0.17553423462712603, 0.13105102485826428, 0.11796772786742259, 0.0935455734845181, 0.13017880505887483, 0.07980811164413432, 0.14195377235063236, 0.12996075010902747, 0.0, 0.0, 0.0, 0.0, 0.0, 0.0, 0.0, ]
prob[0][3] = [0.15062111801242237, 0.17339544513457558, 0.07971014492753623, 0.2665631469979296, 0.09679089026915114, 0.17805383022774326, 0.054865424430641824, 0.0, 0.0, 0.0, 0.0, 0.0, 0.0, 0.0, 0.0, 0.0, 0.0, 0.0, 0.0, 0.0, 0.0, 0.0, 0.0, 0.0, 0.0, 0.0, 0.0, 0.0, 0.0, 0.0, 0.0, 0.0, ]
prob[0][4] = [0.0, 0.0, 0.0, 0.0, 0.0, 0.0, 0.0, 0.02920443101711984, 0.13595166163141995, 0.1324269889224572, 0.702416918429003, 0.0, 0.0, 0.0, 0.0, 0.0, 0.0, 0.0, 0.0, 0.0, 0.0, 0.0, 0.0, 0.0, 0.0, 0.0, 0.0, 0.0, 0.0, 0.0, 0.0, 0.0, ]
prob[0][5] = [0.0, 0.0, 0.0, 0.0, 0.0, 0.0, 0.0, 0.0, 0.0, 0.0, 0.0, 0.0, 0.0, 0.7242297451502473, 0.10193990110308102, 0.1297071129707113, 0.04412324077596044, 0.0, 0.0, 0.0, 0.0, 0.0, 0.0, 0.0, 0.0, 0.0, 0.0, 0.0, 0.0, 0.0, 0.0, 0.0, ]
A[0] = [[0.5891659962456423, 0.058728881737731296, 8.045052292839903E-4, 0.0026816840976133013, 0.16840976133011532, 0.18020917135961384, ],
[0.03129503808935557, 0.8361128268478485, 0.06609017912291539, 0.021824171299155856, 0.005147210212065061, 0.03953057442865967, ],
[0.0017455814968361336, 0.07986035348025311, 0.8767183067859481, 0.016146628845734236, 0.005891337551821951, 0.0196377918394065, ],
[0.003105590062111801, 0.028985507246376812, 0.08229813664596274, 0.8814699792960663, 0.002070393374741201, 0.002070393374741201, ],
[0.3346917982679572, 0.010697911360163017, 0.00815078960774325, 0.010697911360163017, 0.5354049923586347, 0.10035659704533877, ],
[0.27469135802469136, 0.05555555555555555, 0.026234567901234566, 0.006944444444444444, 0.08101851851851852, 0.5555555555555556, ],
]
Pi[0] = [0.5220125786163522, 0.0, 0.006289308176100629, 0.0, 0.2578616352201258, 0.2138364779874214, ]
prob[1][0] = [0.0, 0.0, 0.0, 0.0, 0.0, 0.0, 0.0, 0.0, 0.0, 0.0, 0.0, 0.0, 0.0, 0.0, 0.0, 0.0, 0.0, 0.0, 0.0, 0.09166206515737162, 0.19271120927664273, 0.19077857537272225, 0.17918277194919935, 0.16510215350635007, 0.18056322473771397, 0.0, 0.0, 0.0, 0.0, 0.0, 0.0, 0.0, ]
prob[1][1] = [0.0, 0.0, 0.0, 0.0, 0.0, 0.0, 0.0, 0.0, 0.005110732538330494, 0.03180011357183418, 0.35519591141396933, 0.607893242475866, 0.0, 0.0, 0.0, 0.0, 0.0, 0.0, 0.0, 0.0, 0.0, 0.0, 0.0, 0.0, 0.0, 0.0, 0.0, 0.0, 0.0, 0.0, 0.0, 0.0, ]
prob[1][2] = [0.0, 0.0, 0.0, 0.0, 0.0, 0.0, 0.0, 0.0, 0.0, 0.0, 0.0, 0.0, 0.5018808777429468, 0.4981191222570533, 0.0, 0.0, 0.0, 0.0, 0.0, 0.0, 0.0, 0.0, 0.0, 0.0, 0.0, 0.0, 0.0, 0.0, 0.0, 0.0, 0.0, 0.0, ]
prob[1][3] = [8.64304235090752E-4, 0.00950734658599827, 0.05704407951598963, 0.04407951598962835, 0.07173725151253241, 0.20138288677614521, 0.526361279170268, 0.08902333621434745, 0.0, 0.0, 0.0, 0.0, 0.0, 0.0, 0.0, 0.0, 0.0, 0.0, 0.0, 0.0, 0.0, 0.0, 0.0, 0.0, 0.0, 0.0, 0.0, 0.0, 0.0, 0.0, 0.0, 0.0, ]
prob[1][4] = [0.0, 0.0, 0.0, 0.0, 0.0, 0.0, 0.0, 0.0, 0.0, 0.0, 0.0, 0.0, 0.0, 0.0, 0.1320665083135392, 0.5572446555819477, 0.2042755344418052, 0.08788598574821853, 0.01852731591448931, 0.0, 0.0, 0.0, 0.0, 0.0, 0.0, 0.0, 0.0, 0.0, 0.0, 0.0, 0.0, 0.0, ]
prob[1][5] = [0.0, 0.0, 0.0, 0.0, 0.0, 0.0, 0.0, 0.0, 0.0, 0.0, 0.0, 0.0, 0.0, 0.0, 0.0, 0.0, 0.0, 0.0, 0.0, 0.0, 0.0, 0.0, 0.0, 0.0, 0.0, 0.32383885039774185, 0.008211444701052091, 0.1354888375673595, 0.12368488580959712, 0.09571465229663843, 0.23248652809853734, 0.08057480112907364, ]
A[1] = [[0.8832136940916621, 0.0022087244616234127, 0.0011043622308117063, 0.02153506350082827, 0.03368304803975704, 0.058255107675317504, ],
[0.0025996533795493936, 0.6294049682264587, 0.3188908145580589, 0.003755054881571346, 0.02368573079145003, 0.021663778162911613, ],
[0.002896684905053106, 0.34502735757965886, 0.5632442870936595, 0.002896684905053106, 0.02188606372706791, 0.06404892178950757, ],
[0.08556611927398444, 0.003457216940363008, 0.006914433880726016, 0.7778738115816768, 0.049265341400172864, 0.07692307692307693, ],
[0.03190476190476191, 0.05380952380952381, 0.05380952380952381, 0.024285714285714285, 0.7871428571428571, 0.04904761904761905, ],
[0.06124549665465775, 0.014410705095213588, 0.040658775090066906, 0.027277406073082863, 0.028049408131755018, 0.8283582089552238, ],
]
Pi[1] = [0.006289308176100629, 0.5660377358490566, 0.3333333333333333, 0.0, 0.0880503144654088, 0.006289308176100629, ]
prob[2][0] = [0.0, 0.0, 0.0, 0.0, 0.0, 0.0, 0.0, 0.0, 0.0, 0.0, 0.0, 1.0, 0.0, 0.0, 0.0, 0.0, 0.0, 0.0, 0.0, 0.0, 0.0, 0.0, 0.0, 0.0, 0.0, 0.0, 0.0, 0.0, 0.0, 0.0, 0.0, 0.0, ]
prob[2][1] = [0.0, 0.0, 0.0, 0.0, 0.0, 0.0, 0.0, 0.006688963210702341, 0.0907190635451505, 0.23745819397993312, 0.665133779264214, 0.0, 0.0, 0.0, 0.0, 0.0, 0.0, 0.0, 0.0, 0.0, 0.0, 0.0, 0.0, 0.0, 0.0, 0.0, 0.0, 0.0, 0.0, 0.0, 0.0, 0.0, ]
prob[2][2] = [0.0, 0.0, 0.0, 0.0, 0.0, 0.0, 0.0, 0.0, 0.0, 0.0, 0.0, 0.0, 0.0, 0.5940934065934066, 0.17616758241758243, 0.19024725274725274, 0.0010302197802197802, 0.0037774725274725275, 0.008928571428571428, 0.02300824175824176, 0.0027472527472527475, 0.0, 0.0, 0.0, 0.0, 0.0, 0.0, 0.0, 0.0, 0.0, 0.0, 0.0, ]
prob[2][3] = [0.0, 0.0, 0.0, 0.0, 0.0, 0.0, 0.0, 0.0, 0.0, 0.0, 0.0, 0.0, 1.0, 0.0, 0.0, 0.0, 0.0, 0.0, 0.0, 0.0, 0.0, 0.0, 0.0, 0.0, 0.0, 0.0, 0.0, 0.0, 0.0, 0.0, 0.0, 0.0, ]
prob[2][4] = [0.0, 0.0, 0.0, 0.0, 0.0, 0.0, 0.0, 0.0, 0.0, 0.0, 0.0, 0.0, 0.0, 0.0, 0.0, 0.0, 0.0, 0.0, 0.0, 0.0, 0.0, 0.012877186238708437, 9.609840476648087E-4, 0.016336728810301748, 0.22294829905823563, 0.024601191620219103, 0.007880069190851432, 0.3090524697290025, 0.06361714395541034, 0.13722852200653468, 0.07860849509898135, 0.12588891024408994, ]
prob[2][5] = [0.01948051948051948, 0.09050324675324675, 8.116883116883117E-4, 0.19318181818181818, 0.23295454545454544, 0.4472402597402597, 0.015827922077922076, 0.0, 0.0, 0.0, 0.0, 0.0, 0.0, 0.0, 0.0, 0.0, 0.0, 0.0, 0.0, 0.0, 0.0, 0.0, 0.0, 0.0, 0.0, 0.0, 0.0, 0.0, 0.0, 0.0, 0.0, 0.0, ]
A[2] = [[0.4488961569910057, 0.1937857726901063, 0.20932134096484056, 0.12551103843008996, 0.01757972199509403, 0.004905968928863451, ],
[0.19331641285956006, 0.5380710659898477, 0.11844331641285956, 0.1319796954314721, 0.005922165820642978, 0.012267343485617596, ],
[0.17436609934004862, 0.09100382077110107, 0.5418548106981591, 0.10003473428273706, 0.0753733935394234, 0.01736714136853074, ],
[0.20693928128872366, 0.18711276332094176, 0.16294919454770757, 0.4107806691449814, 0.031598513011152414, 6.195786864931846E-4, ],
[0.008856372737774355, 0.0044281863688871775, 0.04543704274162495, 0.012514439738159414, 0.9031574894108587, 0.025606469002695417, ],
[0.0012175324675324675, 0.002840909090909091, 0.011363636363636364, 0.0, 0.07589285714285714, 0.908685064935065, ],
]
Pi[2] = [0.3375, 0.325, 0.20625, 0.13125, 0.0, 0.0, ]
prob[3][0] = [0.0, 0.0, 0.0, 0.0, 0.0, 0.0, 0.0, 0.0, 0.0, 0.0, 0.0, 1.0, 0.0, 0.0, 0.0, 0.0, 0.0, 0.0, 0.0, 0.0, 0.0, 0.0, 0.0, 0.0, 0.0, 0.0, 0.0, 0.0, 0.0, 0.0, 0.0, 0.0, ]
prob[3][1] = [0.0, 0.0, 0.0, 0.0, 0.0, 0.0, 0.0, 0.0, 0.0, 0.0, 0.0, 0.0, 0.0, 0.0, 0.5055309734513275, 0.2029867256637168, 0.0, 0.03152654867256637, 0.2411504424778761, 0.017699115044247787, 5.530973451327434E-4, 5.530973451327434E-4, 0.0, 0.0, 0.0, 0.0, 0.0, 0.0, 0.0, 0.0, 0.0, 0.0, ]
prob[3][2] = [0.0, 0.0, 0.0, 0.0, 0.0, 0.0, 0.0, 0.05270655270655271, 0.026115859449192782, 0.26828110161443497, 0.6528964862298196, 0.0, 0.0, 0.0, 0.0, 0.0, 0.0, 0.0, 0.0, 0.0, 0.0, 0.0, 0.0, 0.0, 0.0, 0.0, 0.0, 0.0, 0.0, 0.0, 0.0, 0.0, ]
prob[3][3] = [0.14299687010954618, 0.27523474178403756, 0.3075117370892019, 0.1195226917057903, 0.07394366197183098, 0.08079029733959311, 0.0, 0.0, 0.0, 0.0, 0.0, 0.0, 0.0, 0.0, 0.0, 0.0, 0.0, 0.0, 0.0, 0.0, 0.0, 0.0, 0.0, 0.0, 0.0, 0.0, 0.0, 0.0, 0.0, 0.0, 0.0, 0.0, ]
prob[3][4] = [0.0, 0.0, 0.0, 0.0, 0.0, 0.0, 0.0, 0.0, 0.0, 0.0, 0.0, 0.0, 0.0, 0.0, 0.0, 0.0, 0.0, 0.0, 0.0, 0.0, 0.0, 0.0, 6.653359946773121E-4, 0.003992015968063872, 0.17265469061876249, 0.049567531603459745, 0.2977378576180971, 0.06487025948103792, 0.06054557551563539, 0.018296739853626082, 0.2977378576180971, 0.033932135728542916, ]
prob[3][5] = [0.0, 0.0, 0.0, 0.0, 0.0, 0.0, 0.0, 0.0, 0.0, 0.0, 0.0, 0.0, 0.46035182679296344, 0.5396481732070365, 0.0, 0.0, 0.0, 0.0, 0.0, 0.0, 0.0, 0.0, 0.0, 0.0, 0.0, 0.0, 0.0, 0.0, 0.0, 0.0, 0.0, 0.0, ]
A[3] = [[0.46816770186335405, 0.042701863354037264, 0.17119565217391305, 0.004270186335403727, 0.023291925465838508, 0.29037267080745344, ],
[0.059966685174902834, 0.6296501943364797, 0.10383120488617435, 0.05885619100499723, 0.0838423098278734, 0.06385341476957246, ],
[0.20201535508637236, 0.10460652591170826, 0.43809980806142035, 0.018234165067178502, 0.022072936660268713, 0.21497120921305182, ],
[0.0021517996870109544, 0.013693270735524257, 0.006846635367762128, 0.9280125195618153, 0.041471048513302036, 0.00782472613458529, ],
[0.021368948247078464, 0.04407345575959933, 0.008681135225375626, 0.061101836393989986, 0.798330550918197, 0.0664440734557596, ],
[0.20783880761799614, 0.03836599503174165, 0.1288987027325421, 0.008280430582390284, 0.04029809550096605, 0.5763179685343638, ],
]
Pi[3] = [0.38125, 0.03125, 0.23125, 0.0, 0.0, 0.35625, ]
prob[4][0] = [0.0, 0.0, 0.0015479876160990713, 7.739938080495357E-4, 0.0, 0.008513931888544891, 0.978328173374613, 0.010835913312693499, 0.0, 0.0, 0.0, 0.0, 0.0, 0.0, 0.0, 0.0, 0.0, 0.0, 0.0, 0.0, 0.0, 0.0, 0.0, 0.0, 0.0, 0.0, 0.0, 0.0, 0.0, 0.0, 0.0, 0.0, ]
prob[4][1] = [0.0, 0.0, 0.0, 0.0, 0.0, 0.0, 0.0, 0.0, 0.0, 0.0, 0.0, 1.0, 0.0, 0.0, 0.0, 0.0, 0.0, 0.0, 0.0, 0.0, 0.0, 0.0, 0.0, 0.0, 0.0, 0.0, 0.0, 0.0, 0.0, 0.0, 0.0, 0.0, ]
prob[4][2] = [0.0, 0.0, 0.0, 0.0, 0.0, 0.0, 0.0, 0.0, 0.0, 0.0, 0.0, 0.0, 0.0, 0.0, 0.29664067186562687, 0.4196160767846431, 0.02669466106778644, 0.0656868626274745, 0.1310737852429514, 0.0602879424115177, 0.0, 0.0, 0.0, 0.0, 0.0, 0.0, 0.0, 0.0, 0.0, 0.0, 0.0, 0.0, ]
prob[4][3] = [0.0, 0.0, 0.0, 0.0, 0.0, 0.0, 0.0, 0.0, 0.0, 0.0, 0.0, 0.0, 0.0, 0.0, 0.0, 0.0, 0.0, 0.0, 0.0, 0.0, 0.26248241912798875, 0.24824191279887484, 0.031821378340365684, 0.05467651195499297, 0.009317862165963432, 0.003867791842475387, 0.18424753867791843, 0.010372714486638537, 0.007911392405063292, 0.00808720112517581, 0.0669831223628692, 0.1119901547116737, ]
prob[4][4] = [0.0, 0.0, 0.0, 0.0, 0.0, 0.0, 0.0, 0.0, 0.004532344458178822, 0.4099711578079934, 0.5854964977338277, 0.0, 0.0, 0.0, 0.0, 0.0, 0.0, 0.0, 0.0, 0.0, 0.0, 0.0, 0.0, 0.0, 0.0, 0.0, 0.0, 0.0, 0.0, 0.0, 0.0, 0.0, ]
prob[4][5] = [0.0, 0.0, 0.0, 0.0, 0.0, 0.0, 0.0, 0.0, 0.0, 0.0, 0.0, 0.0, 0.5062522329403358, 0.49374776705966417, 0.0, 0.0, 0.0, 0.0, 0.0, 0.0, 0.0, 0.0, 0.0, 0.0, 0.0, 0.0, 0.0, 0.0, 0.0, 0.0, 0.0, 0.0, ]
A[4] = [[0.9063467492260062, 7.739938080495357E-4, 0.018575851393188854, 0.07275541795665634, 0.0015479876160990713, 0.0, ],
[0.0, 0.45537261698440207, 0.05285961871750433, 0.023830155979202773, 0.18760831889081456, 0.2803292894280763, ],
[0.005709134615384615, 0.036959134615384616, 0.7325721153846154, 0.1015625, 0.0811298076923077, 0.042067307692307696, ],
[0.017247448081661388, 0.00897571277719113, 0.058430130235832455, 0.891939457937346, 0.0022879267863428372, 0.021119324181626188, ],
[8.319467554076539E-4, 0.17054908485856904, 0.12479201331114809, 0.012479201331114808, 0.5228785357737105, 0.1684692179700499, ],
[7.363770250368188E-4, 0.24521354933726067, 0.041237113402061855, 0.03792341678939617, 0.1487481590574374, 0.5261413843888071, ],
]
Pi[4] = [0.0, 0.3, 0.0375, 0.0, 0.3, 0.3625, ]
prob[5][0] = [0.0, 0.0, 0.0, 0.0, 0.0, 0.0, 0.0, 0.0, 0.0, 0.0, 0.0, 0.0, 0.0, 0.0, 0.0, 0.0, 0.44571428571428573, 0.15523809523809523, 0.023333333333333334, 0.3619047619047619, 0.01380952380952381, 0.0, 0.0, 0.0, 0.0, 0.0, 0.0, 0.0, 0.0, 0.0, 0.0, 0.0, ]
prob[5][1] = [0.0, 0.0, 0.0, 0.0, 0.0, 0.0, 0.0, 0.0, 0.005720823798627002, 0.4077040427154844, 0.5865751334858886, 0.0, 0.0, 0.0, 0.0, 0.0, 0.0, 0.0, 0.0, 0.0, 0.0, 0.0, 0.0, 0.0, 0.0, 0.0, 0.0, 0.0, 0.0, 0.0, 0.0, 0.0, ]
prob[5][2] = [8.517887563884157E-4, 0.010221465076660987, 0.0, 0.056218057921635436, 0.12862010221465076, 0.2717206132879046, 0.02129471890971039, 0.5110732538330494, 0.0, 0.0, 0.0, 0.0, 0.0, 0.0, 0.0, 0.0, 0.0, 0.0, 0.0, 0.0, 0.0, 0.0, 0.0, 0.0, 0.0, 0.0, 0.0, 0.0, 0.0, 0.0, 0.0, 0.0, ]
prob[5][3] = [0.0, 0.0, 0.0, 0.0, 0.0, 0.0, 0.0, 0.0, 0.0, 0.0, 0.0, 0.0, 0.0, 0.0, 0.0, 0.0, 0.0, 0.0, 0.0, 0.0, 0.0, 0.008745776187636653, 0.3806400318028225, 0.25780162989465316, 0.04571655734446432, 0.055456171735241505, 0.005366726296958855, 0.023057046312860267, 0.025442258000397535, 0.008149473265752336, 0.10554561717352415, 0.08407871198568873, ]
prob[5][4] = [0.0, 0.0, 0.0, 0.0, 0.0, 0.0, 0.0, 0.0, 0.0, 0.0, 0.0, 0.0, 0.0, 0.27301231802911535, 0.4318029115341545, 0.29518477043673014, 0.0, 0.0, 0.0, 0.0, 0.0, 0.0, 0.0, 0.0, 0.0, 0.0, 0.0, 0.0, 0.0, 0.0, 0.0, 0.0, ]
prob[5][5] = [0.0, 0.0, 0.0, 0.0, 0.0, 0.0, 0.0, 0.0, 0.0, 0.0, 0.0, 0.6272206303724929, 0.3727793696275072, 0.0, 0.0, 0.0, 0.0, 0.0, 0.0, 0.0, 0.0, 0.0, 0.0, 0.0, 0.0, 0.0, 0.0, 0.0, 0.0, 0.0, 0.0, 0.0, ]
A[5] = [[0.8457142857142858, 0.0014285714285714286, 0.035238095238095235, 0.08666666666666667, 0.02619047619047619, 0.004761904761904762, ],
[0.005407493240633449, 0.5133256083429896, 0.00656624179219776, 0.012359984550019312, 0.21282348397064504, 0.24951718810351486, ],
[0.04258943781942078, 0.004258943781942078, 0.8228279386712095, 0.09028960817717206, 0.03492333901192504, 0.005110732538330494, ],
[0.029663547680668922, 0.004578936890304599, 0.009356957993231137, 0.8881146725064702, 0.04758112681664344, 0.020704758112681663, ],
[0.02234762979683973, 0.11760722347629797, 0.014446952595936794, 0.03905191873589165, 0.6507900677200903, 0.15575620767494355, ],
[0.0035221602582917524, 0.20252421485177577, 0.0017610801291458762, 0.022600528324038745, 0.19430584091576167, 0.5752861755209862, ],
]
Pi[5] = [0.0, 0.32075471698113206, 0.0, 0.0, 0.2138364779874214, 0.46540880503144655, ]
prob[6][0] = [0.0, 0.0, 0.0, 0.0, 0.0, 0.0, 0.0, 0.0, 0.0, 0.0, 0.365109463885537, 0.634890536114463, 0.0, 0.0, 0.0, 0.0, 0.0, 0.0, 0.0, 0.0, 0.0, 0.0, 0.0, 0.0, 0.0, 0.0, 0.0, 0.0, 0.0, 0.0, 0.0, 0.0, ]
prob[6][1] = [0.003849443969204448, 0.030367835757057315, 0.00213857998289136, 0.34003421727972627, 0.20102651839178784, 0.42258340461933275, 0.0, 0.0, 0.0, 0.0, 0.0, 0.0, 0.0, 0.0, 0.0, 0.0, 0.0, 0.0, 0.0, 0.0, 0.0, 0.0, 0.0, 0.0, 0.0, 0.0, 0.0, 0.0, 0.0, 0.0, 0.0, 0.0, ]
prob[6][2] = [0.0, 0.0, 0.0, 0.0, 0.0, 0.0, 0.0, 0.014560582423296931, 0.5299011960478419, 0.45553822152886114, 0.0, 0.0, 0.0, 0.0, 0.0, 0.0, 0.0, 0.0, 0.0, 0.0, 0.0, 0.0, 0.0, 0.0, 0.0, 0.0, 0.0, 0.0, 0.0, 0.0, 0.0, 0.0, ]
prob[6][3] = [0.0, 0.0, 0.0, 0.0, 0.0, 0.0, 0.0, 0.0, 0.0, 0.0, 0.0, 0.0, 0.0, 0.0, 0.44490934449093444, 0.4309623430962343, 4.6490004649000463E-4, 0.001394700139470014, 0.016736401673640166, 0.10553231055323105, 0.0, 0.0, 0.0, 0.0, 0.0, 0.0, 0.0, 0.0, 0.0, 0.0, 0.0, 0.0, ]
prob[6][4] = [0.0, 0.0, 0.0, 0.0, 0.0, 0.0, 0.0, 0.0, 0.0, 0.0, 0.0, 0.0, 0.0, 0.0, 0.0, 0.0, 0.0, 0.0, 0.0, 0.0, 0.0, 7.94912559618442E-4, 0.057233704292527825, 0.06200317965023847, 0.3267090620031797, 0.031001589825119236, 0.013513513513513514, 0.022257551669316374, 0.12957074721780604, 0.0047694753577106515, 0.23926868044515104, 0.11287758346581876, ]
prob[6][5] = [0.0, 0.0, 0.0, 0.0, 0.0, 0.0, 0.0, 0.0, 0.0, 0.0, 0.0, 0.0, 0.4877540385617509, 0.5122459614382491, 0.0, 0.0, 0.0, 0.0, 0.0, 0.0, 0.0, 0.0, 0.0, 0.0, 0.0, 0.0, 0.0, 0.0, 0.0, 0.0, 0.0, 0.0, ]
A[6] = [[0.6270298585646935, 0.0033176182992840928, 0.059542517897677665, 0.0427798149118212, 0.01676270298585647, 0.25056748734066703, ],
[0.011976047904191617, 0.8956372968349017, 0.0106928999144568, 0.011548331907613344, 0.057741659538066724, 0.01240376390076989, ],
[0.050979712155366744, 0.011097624414773712, 0.8711635165597365, 0.034506675914687014, 0.006762614877752731, 0.025489856077683372, ],
[0.11074918566775244, 0.013029315960912053, 0.11400651465798045, 0.6719404374127501, 0.04141461144718474, 0.048859934853420196, ],
[0.08313349320543566, 0.09272581934452438, 0.007194244604316547, 0.07513988808952837, 0.6266986410871302, 0.11510791366906475, ],
[0.3844314558979809, 0.004250797024442083, 0.03320935175345377, 0.035600425079702444, 0.03055260361317747, 0.5119553666312433, ],
]
Pi[6] = [0.6226415094339622, 0.006289308176100629, 0.0, 0.050314465408805034, 0.0, 0.32075471698113206, ]
prob[7][0] = [0.0, 0.0, 0.0, 0.0, 0.0, 0.0, 0.0, 0.0, 0.0, 0.0, 0.0, 0.0, 0.0, 0.0, 0.0, 0.0, 0.05730937348227295, 0.3627974745021855, 0.06168042739193783, 0.4740165128703254, 0.0, 0.007285089849441476, 0.036911121903836816, 0.0, 0.0, 0.0, 0.0, 0.0, 0.0, 0.0, 0.0, 0.0, ]
prob[7][1] = [0.0, 0.0, 0.0, 0.0, 0.0, 0.0, 0.0, 0.0, 0.31992810604358574, 0.33071219950572905, 0.34935969445068527, 0.0, 0.0, 0.0, 0.0, 0.0, 0.0, 0.0, 0.0, 0.0, 0.0, 0.0, 0.0, 0.0, 0.0, 0.0, 0.0, 0.0, 0.0, 0.0, 0.0, 0.0, ]
prob[7][2] = [0.0, 0.005248091603053435, 0.0, 0.009541984732824428, 0.16698473282442747, 0.32251908396946566, 4.7709923664122136E-4, 0.4952290076335878, 0.0, 0.0, 0.0, 0.0, 0.0, 0.0, 0.0, 0.0, 0.0, 0.0, 0.0, 0.0, 0.0, 0.0, 0.0, 0.0, 0.0, 0.0, 0.0, 0.0, 0.0, 0.0, 0.0, 0.0, ]
prob[7][3] = [0.0, 0.0, 0.0, 0.0, 0.0, 0.0, 0.0, 0.0, 0.0, 0.0, 0.0, 0.6083172147001934, 0.3916827852998066, 0.0, 0.0, 0.0, 0.0, 0.0, 0.0, 0.0, 0.0, 0.0, 0.0, 0.0, 0.0, 0.0, 0.0, 0.0, 0.0, 0.0, 0.0, 0.0, ]
prob[7][4] = [0.0, 0.0, 0.0, 0.0, 0.0, 0.0, 0.0, 0.0, 0.0, 0.0, 0.0, 0.0, 0.0, 0.5782818891781332, 0.2175529936779472, 0.20416511714391966, 0.0, 0.0, 0.0, 0.0, 0.0, 0.0, 0.0, 0.0, 0.0, 0.0, 0.0, 0.0, 0.0, 0.0, 0.0, 0.0, ]
prob[7][5] = [0.0, 0.0, 0.0, 0.0, 0.0, 0.0, 0.0, 0.0, 0.0, 0.0, 0.0, 0.0, 0.0, 0.0, 0.0, 0.0, 0.0, 0.0, 0.0, 0.0, 0.0, 0.0, 0.0, 0.0025079799361605107, 0.14660282717738257, 0.27906976744186046, 0.005471956224350205, 0.13611491108071136, 0.09667122663018696, 0.04331965344277246, 0.26310989512083904, 0.027131782945736434, ]
A[7] = [[0.8372206025267249, 9.718172983479105E-4, 0.05442176870748299, 0.003401360544217687, 0.006316812439261419, 0.09766763848396501, ],
[6.778129236330773E-4, 0.754179846362404, 0.009263443289652055, 0.16357885223678265, 0.06439222774514235, 0.007907817442385901, ],
[0.07780429594272076, 9.546539379474941E-4, 0.8477326968973747, 0.002386634844868735, 0.015274463007159905, 0.0558472553699284, ],
[0.005931784478497282, 0.19426594167078595, 0.004448838358872961, 0.5919426594167079, 0.17053880375679684, 0.0328719723183391, ],
[0.004896421845574388, 0.10508474576271186, 0.021092278719397364, 0.2824858757062147, 0.536723163841808, 0.04971751412429379, ],
[0.030386109207219555, 0.0015992689056431345, 0.021247429746401644, 0.03906785469499657, 0.04706419922321225, 0.8606351382225268, ],
]
Pi[7] = [0.0, 0.23125, 0.0, 0.525, 0.2375, 0.00625, ]
prob[8][0] = [0.0, 0.0, 0.0, 0.0, 0.0, 0.0, 0.0, 0.0, 0.0, 0.0, 0.0, 0.0, 0.0, 0.0, 0.0, 0.0, 0.0, 0.0, 0.0, 0.0, 0.0, 0.0, 0.0037313432835820895, 0.03731343283582089, 0.014925373134328358, 0.028917910447761194, 0.0, 0.0, 0.26026119402985076, 0.016791044776119403, 0.44029850746268656, 0.19776119402985073, ]
prob[8][1] = [0.0, 0.0, 0.0, 0.0, 0.0, 0.0, 0.0, 0.0, 0.0, 0.0, 0.0, 0.0, 0.0, 0.5071895424836601, 0.31006535947712416, 0.16601307189542483, 2.6143790849673205E-4, 2.6143790849673205E-4, 2.6143790849673205E-4, 0.015947712418300654, 0.0, 0.0, 0.0, 0.0, 0.0, 0.0, 0.0, 0.0, 0.0, 0.0, 0.0, 0.0, ]
prob[8][2] = [0.0, 0.0, 0.0, 0.0, 0.0, 0.0, 0.0, 0.0, 0.0, 0.0, 0.0, 0.6181923522595597, 0.38180764774044035, 0.0, 0.0, 0.0, 0.0, 0.0, 0.0, 0.0, 0.0, 0.0, 0.0, 0.0, 0.0, 0.0, 0.0, 0.0, 0.0, 0.0, 0.0, 0.0, ]
prob[8][3] = [0.0, 0.0, 0.0, 0.0, 0.0, 0.0, 0.0, 0.0, 0.0, 0.3207093477607454, 0.6792906522392546, 0.0, 0.0, 0.0, 0.0, 0.0, 0.0, 0.0, 0.0, 0.0, 0.0, 0.0, 0.0, 0.0, 0.0, 0.0, 0.0, 0.0, 0.0, 0.0, 0.0, 0.0, ]
prob[8][4] = [0.0, 0.0, 0.0, 0.0, 0.0, 0.28127313101406365, 0.04811250925240563, 0.5173945225758697, 0.153219837157661, 0.0, 0.0, 0.0, 0.0, 0.0, 0.0, 0.0, 0.0, 0.0, 0.0, 0.0, 0.0, 0.0, 0.0, 0.0, 0.0, 0.0, 0.0, 0.0, 0.0, 0.0, 0.0, 0.0, ]
prob[8][5] = [0.2078239608801956, 0.20660146699266504, 0.2319682151589242, 0.24969437652811735, 0.1039119804400978, 0.0, 0.0, 0.0, 0.0, 0.0, 0.0, 0.0, 0.0, 0.0, 0.0, 0.0, 0.0, 0.0, 0.0, 0.0, 0.0, 0.0, 0.0, 0.0, 0.0, 0.0, 0.0, 0.0, 0.0, 0.0, 0.0, 0.0, ]
A[8] = [[0.6274694261523989, 0.15522107243650046, 0.16933207902163688, 0.015051740357478834, 0.016933207902163686, 0.01599247412982126, ],
[0.03488372093023256, 0.5710887949260042, 0.2452431289640592, 0.10650105708245243, 0.03620507399577167, 0.006078224101479916, ],
[0.0178256611165524, 0.1811949069539667, 0.5766895200783545, 0.2117531831537708, 0.011165523996082272, 0.0013712047012732615, ],
[0.00729483282674772, 0.1303951367781155, 0.3018237082066869, 0.5209726443768997, 0.0331306990881459, 0.006382978723404255, ],
[0.011102886750555145, 0.0688378978534419, 0.026646928201332347, 0.053293856402664694, 0.7401924500370096, 0.0999259807549963, ],
[0.04339853300733496, 0.006112469437652812, 0.0027506112469437654, 0.0012224938875305623, 0.008557457212713936, 0.937958435207824, ],
]
Pi[8] = [0.00625, 0.2, 0.55, 0.23125, 0.0125, 0.0, ]
prob[9][0] = [0.010396039603960397, 0.06336633663366337, 0.02128712871287129, 0.24504950495049505, 0.16732673267326734, 0.1702970297029703, 0.0034653465346534654, 0.3188118811881188, 0.0, 0.0, 0.0, 0.0, 0.0, 0.0, 0.0, 0.0, 0.0, 0.0, 0.0, 0.0, 0.0, 0.0, 0.0, 0.0, 0.0, 0.0, 0.0, 0.0, 0.0, 0.0, 0.0, 0.0, ]
prob[9][1] = [0.0, 0.0, 0.0, 0.0, 0.0, 0.0, 0.0, 0.0, 0.0, 0.0, 0.0, 1.0, 0.0, 0.0, 0.0, 0.0, 0.0, 0.0, 0.0, 0.0, 0.0, 0.0, 0.0, 0.0, 0.0, 0.0, 0.0, 0.0, 0.0, 0.0, 0.0, 0.0, ]
prob[9][2] = [0.0, 0.0, 0.0, 0.0, 0.0, 0.0, 0.0, 0.0, 0.0, 0.0, 0.0, 0.0, 0.0, 0.0, 0.0, 0.48878504672897194, 0.2161993769470405, 0.10062305295950155, 0.009968847352024923, 0.1822429906542056, 9.345794392523365E-4, 0.0012461059190031153, 0.0, 0.0, 0.0, 0.0, 0.0, 0.0, 0.0, 0.0, 0.0, 0.0, ]
prob[9][3] = [0.0, 0.0, 0.0, 0.0, 0.0, 0.0, 0.0, 0.0, 0.0, 0.0, 0.0, 0.0, 0.45954870665932857, 0.4504678040726472, 0.08998348926802421, 0.0, 0.0, 0.0, 0.0, 0.0, 0.0, 0.0, 0.0, 0.0, 0.0, 0.0, 0.0, 0.0, 0.0, 0.0, 0.0, 0.0, ]
prob[9][4] = [0.0, 0.0, 0.0, 0.0, 0.0, 0.0, 0.0, 0.0, 0.004709576138147566, 0.07849293563579278, 0.9167974882260597, 0.0, 0.0, 0.0, 0.0, 0.0, 0.0, 0.0, 0.0, 0.0, 0.0, 0.0, 0.0, 0.0, 0.0, 0.0, 0.0, 0.0, 0.0, 0.0, 0.0, 0.0, ]
prob[9][5] = [0.0, 0.0, 0.0, 0.0, 0.0, 0.0, 0.0, 0.0, 0.0, 0.0, 0.0, 0.0, 0.0, 0.0, 0.0, 0.0, 0.0, 0.0, 0.0, 0.0, 0.0, 0.0, 0.1682271217154938, 0.07278767743884022, 0.07444880700694655, 0.2688009664753851, 0.006040471156750227, 0.0827544548474781, 0.06342494714587738, 0.049682875264270614, 0.1584113560857747, 0.055421322863183325, ]
A[9] = [[0.8232673267326732, 9.900990099009901E-4, 0.0400990099009901, 0.011386138613861386, 4.950495049504951E-4, 0.12376237623762376, ],
[0.003006012024048096, 0.44188376753507014, 0.012024048096192385, 0.37024048096192386, 0.1533066132264529, 0.019539078156312624, ],
[0.03650546021840874, 0.014664586583463339, 0.8471138845553822, 0.04118564742589704, 0.0062402496099844, 0.05429017160686427, ],
[0.007289038407625455, 0.2001682085786375, 0.03139893467900196, 0.5937762825904122, 0.10316792823100644, 0.0641996075133165, ],
[0.0016038492381716118, 0.25421010425020046, 0.010425020048115477, 0.30392943063352046, 0.4194065757818765, 0.010425020048115477, ],
[0.031155474894131882, 0.0043859649122807015, 0.039927404718693285, 0.028281911675741078, 0.0015124016938898972, 0.8947368421052632, ],
]
Pi[9] = [0.0, 0.34177215189873417, 0.006329113924050633, 0.35443037974683544, 0.2911392405063291, 0.006329113924050633, ]
prob[10][0] = [0.0, 0.0, 0.0, 0.0, 0.0, 0.0, 0.0, 0.0, 0.0, 0.0, 0.0, 0.0, 0.0, 0.0, 0.0, 0.0, 0.0, 0.0, 0.0, 0.0, 0.0, 0.0, 5.494505494505495E-4, 0.0027472527472527475, 0.13626373626373625, 0.17857142857142858, 0.2541208791208791, 0.0543956043956044, 0.051923076923076926, 0.025274725274725275, 0.18021978021978022, 0.11593406593406594, ]
prob[10][1] = [0.0, 0.0, 0.0, 0.0, 0.0, 0.0, 0.0, 0.0, 0.06415620641562064, 0.2398884239888424, 0.6959553695955369, 0.0, 0.0, 0.0, 0.0, 0.0, 0.0, 0.0, 0.0, 0.0, 0.0, 0.0, 0.0, 0.0, 0.0, 0.0, 0.0, 0.0, 0.0, 0.0, 0.0, 0.0, ]
prob[10][2] = [0.05912596401028278, 0.11876606683804627, 0.02313624678663239, 0.47763496143958867, 0.3213367609254499, 0.0, 0.0, 0.0, 0.0, 0.0, 0.0, 0.0, 0.0, 0.0, 0.0, 0.0, 0.0, 0.0, 0.0, 0.0, 0.0, 0.0, 0.0, 0.0, 0.0, 0.0, 0.0, 0.0, 0.0, 0.0, 0.0, 0.0, ]
prob[10][3] = [0.0, 0.0, 0.0, 0.0, 0.0, 0.6003976143141153, 0.010934393638170975, 0.38866799204771374, 0.0, 0.0, 0.0, 0.0, 0.0, 0.0, 0.0, 0.0, 0.0, 0.0, 0.0, 0.0, 0.0, 0.0, 0.0, 0.0, 0.0, 0.0, 0.0, 0.0, 0.0, 0.0, 0.0, 0.0, ]
prob[10][4] = [0.0, 0.0, 0.0, 0.0, 0.0, 0.0, 0.0, 0.0, 0.0, 0.0, 0.0, 0.38120867292019067, 0.2395817315085345, 0.2526526218668307, 0.1265569737044441, 0.0, 0.0, 0.0, 0.0, 0.0, 0.0, 0.0, 0.0, 0.0, 0.0, 0.0, 0.0, 0.0, 0.0, 0.0, 0.0, 0.0, ]
prob[10][5] = [0.0, 0.0, 0.0, 0.0, 0.0, 0.0, 0.0, 0.0, 0.0, 0.0, 0.0, 0.0, 0.0, 0.0, 0.0, 0.4193061840120664, 7.541478129713424E-4, 0.029411764705882353, 0.43024132730015086, 0.11990950226244344, 0.0, 3.770739064856712E-4, 0.0, 0.0, 0.0, 0.0, 0.0, 0.0, 0.0, 0.0, 0.0, 0.0, ]
A[10] = [[0.8214876033057851, 0.0049586776859504135, 0.019008264462809916, 0.01487603305785124, 0.07988980716253444, 0.05977961432506887, ],
[0.005647058823529412, 0.5101176470588236, 0.02164705882352941, 0.00988235294117647, 0.4475294117647059, 0.0051764705882352945, ],
[0.07609254498714653, 0.005655526992287918, 0.8303341902313625, 0.056555269922879174, 0.008740359897172237, 0.02262210796915167, ],
[0.07654075546719682, 0.008946322067594433, 0.06958250497017893, 0.7157057654075547, 0.033797216699801194, 0.09542743538767395, ],
[0.030716188685159067, 0.152327221438646, 0.02037298229117693, 0.013634226610249177, 0.7622629681868046, 0.020686412787964268, ],
[0.08487363259147492, 0.007544322897019992, 0.005658242172764994, 0.005281026027913994, 0.08525084873632592, 0.8113919275745002, ],
]
Pi[10] = [0.0, 0.23270440251572327, 0.0, 0.0, 0.7610062893081762, 0.006289308176100629, ]
prob[11][0] = [0.0, 0.0, 0.0, 0.0, 0.0, 0.0, 0.0, 0.0, 0.0, 0.0, 0.3923425277892137, 0.6076574722107864, 0.0, 0.0, 0.0, 0.0, 0.0, 0.0, 0.0, 0.0, 0.0, 0.0, 0.0, 0.0, 0.0, 0.0, 0.0, 0.0, 0.0, 0.0, 0.0, 0.0, ]
prob[11][1] = [0.0, 0.0, 0.0, 0.0, 0.0, 0.0, 0.0, 0.0, 0.0, 0.0, 0.0, 0.0, 0.0, 0.0, 0.0, 0.0, 0.0, 0.0, 0.0, 0.0, 0.0, 0.0, 0.00274294670846395, 0.007836990595611285, 0.1833855799373041, 0.02664576802507837, 0.18260188087774296, 0.3409090909090909, 0.04192789968652037, 0.01920062695924765, 0.14890282131661442, 0.04584639498432602, ]
prob[11][2] = [0.0, 0.0, 0.0, 0.0, 0.0, 0.0, 0.0, 0.0, 0.0, 0.0, 0.0, 0.0, 0.0, 0.0, 0.0, 0.5176548967355097, 0.0, 0.05996002664890073, 0.3151232511658894, 0.10526315789473684, 0.0, 0.001998667554963358, 0.0, 0.0, 0.0, 0.0, 0.0, 0.0, 0.0, 0.0, 0.0, 0.0, ]
prob[11][3] = [0.0, 0.0, 0.0, 0.0, 0.0, 0.0, 0.0, 0.0, 0.0, 0.0, 0.0, 0.0, 0.42254528122020973, 0.4122974261201144, 0.16515729265967588, 0.0, 0.0, 0.0, 0.0, 0.0, 0.0, 0.0, 0.0, 0.0, 0.0, 0.0, 0.0, 0.0, 0.0, 0.0, 0.0, 0.0, ]
prob[11][4] = [0.0, 0.0, 0.0, 0.0, 0.0, 0.0, 4.6904315196998124E-4, 0.16815196998123827, 0.4584896810506567, 0.3728893058161351, 0.0, 0.0, 0.0, 0.0, 0.0, 0.0, 0.0, 0.0, 0.0, 0.0, 0.0, 0.0, 0.0, 0.0, 0.0, 0.0, 0.0, 0.0, 0.0, 0.0, 0.0, 0.0, ]
prob[11][5] = [0.12747474747474746, 0.24202020202020202, 0.1783838383838384, 0.17676767676767677, 0.13313131313131313, 0.14222222222222222, 0.0, 0.0, 0.0, 0.0, 0.0, 0.0, 0.0, 0.0, 0.0, 0.0, 0.0, 0.0, 0.0, 0.0, 0.0, 0.0, 0.0, 0.0, 0.0, 0.0, 0.0, 0.0, 0.0, 0.0, 0.0, 0.0, ]
A[11] = [[0.6438728565453785, 0.01066499372647428, 0.015265579255541615, 0.2818904224173986, 0.03617733166039314, 0.012128816394813885, ],
[0.0220125786163522, 0.8128930817610063, 0.06485849056603774, 0.050314465408805034, 0.007861635220125786, 0.042059748427672954, ],
[0.06354515050167224, 0.03678929765886288, 0.7150501672240802, 0.0782608695652174, 0.036120401337792644, 0.07023411371237458, ],
[0.3230731943771207, 0.027872031022782354, 0.031749878817256424, 0.549684924866699, 0.052593310712554533, 0.015026660203587009, ],
[0.04620075046904315, 4.6904315196998124E-4, 0.0072701688555347095, 0.04971857410881801, 0.8787523452157598, 0.017589118198874296, ],
[0.0030303030303030303, 0.052121212121212124, 0.006060606060606061, 0.011515151515151515, 0.009494949494949495, 0.9177777777777778, ],
]
Pi[11] = [0.51875, 0.01875, 0.0125, 0.4125, 0.0375, 0.0, ]
prob[12][0] = [0.0, 0.0, 0.0, 0.0, 0.0, 0.0, 0.0, 0.0, 0.0, 0.0, 0.0, 0.0, 0.0, 0.0, 0.0, 0.0, 0.0, 0.0, 0.0, 0.0, 0.0, 0.0, 0.0, 0.0, 0.0, 0.051440329218107, 0.02345679012345679, 0.08724279835390947, 0.14526748971193415, 0.2613168724279835, 0.18559670781893003, 0.24567901234567902, ]
prob[12][1] = [0.0, 0.0, 0.0, 0.0, 0.0, 0.0, 0.0, 0.0, 0.0, 0.0, 0.0, 0.5479149406241369, 0.452085059375863, 0.0, 0.0, 0.0, 0.0, 0.0, 0.0, 0.0, 0.0, 0.0, 0.0, 0.0, 0.0, 0.0, 0.0, 0.0, 0.0, 0.0, 0.0, 0.0, ]
prob[12][2] = [0.004418262150220913, 0.0029455081001472753, 0.0066273932253313695, 0.015463917525773196, 0.13033873343151695, 0.21281296023564064, 0.42047128129602357, 0.20692194403534608, 0.0, 0.0, 0.0, 0.0, 0.0, 0.0, 0.0, 0.0, 0.0, 0.0, 0.0, 0.0, 0.0, 0.0, 0.0, 0.0, 0.0, 0.0, 0.0, 0.0, 0.0, 0.0, 0.0, 0.0, ]
prob[12][3] = [0.0, 0.0, 0.0, 0.0, 0.0, 0.0, 0.0, 0.0, 0.0, 0.0, 0.0, 0.0, 0.0, 0.0, 0.0, 0.0, 0.0, 0.0, 0.05111206159110351, 0.17023096663815226, 0.20017108639863132, 0.27694610778443113, 0.1009409751924722, 0.1484174508126604, 0.05218135158254919, 0.0, 0.0, 0.0, 0.0, 0.0, 0.0, 0.0, ]
prob[12][4] = [0.0, 0.0, 0.0, 0.0, 0.0, 0.0, 0.0, 0.0, 0.0, 0.0, 0.0, 0.0, 0.0, 0.551270815074496, 0.08647385334501899, 0.10633946830265849, 0.06631609699094361, 0.18959976628688285, 0.0, 0.0, 0.0, 0.0, 0.0, 0.0, 0.0, 0.0, 0.0, 0.0, 0.0, 0.0, 0.0, 0.0, ]
prob[12][5] = [0.0, 0.0, 0.0, 0.0, 0.0, 0.0, 0.0, 0.0, 0.012433392539964476, 0.10183540556542332, 0.8857312018946122, 0.0, 0.0, 0.0, 0.0, 0.0, 0.0, 0.0, 0.0, 0.0, 0.0, 0.0, 0.0, 0.0, 0.0, 0.0, 0.0, 0.0, 0.0, 0.0, 0.0, 0.0, ]
A[12] = [[0.7774100124120811, 0.04137360364087712, 0.012412081092263137, 0.07860984691766652, 0.08564335953661564, 0.004551096400496483, ],
[0.03634826711749789, 0.5838264299802761, 8.453085376162299E-4, 0.00507185122569738, 0.19160326852634546, 0.18230487461256692, ],
[0.018409425625920472, 0.0014727540500736377, 0.8188512518409425, 0.12665684830633284, 0.03460972017673049, 0.0, ],
[0.055187165775401066, 0.0036363636363636364, 0.029732620320855614, 0.8748663101604278, 0.03379679144385027, 0.0027807486631016044, ],
[0.035523978685612786, 0.20603907637655416, 0.021906453522794554, 0.0571343990526939, 0.6142687981053878, 0.06512729425695678, ],
[0.00963855421686747, 0.3963855421686747, 0.0, 0.00783132530120482, 0.13313253012048193, 0.4530120481927711, ],
]
Pi[12] = [0.01875, 0.475, 0.0, 0.0, 0.21875, 0.2875, ]
prob[13][0] = [0.0, 0.0, 0.0, 0.0, 0.0, 0.0, 0.0, 0.0, 0.0, 0.0, 0.0, 0.0, 0.0, 0.0, 0.0, 0.0, 0.0, 0.0, 0.0, 0.0, 0.0, 0.0, 0.0, 0.0, 0.0, 0.0, 0.0, 0.011770726714431934, 0.12794268167860798, 0.10440122824974411, 0.2671443193449335, 0.4887410440122825, ]
prob[13][1] = [0.0, 0.0, 0.0, 0.0, 0.0, 0.0, 0.0, 0.0, 0.0, 0.0, 0.41538789428815004, 0.58461210571185, 0.0, 0.0, 0.0, 0.0, 0.0, 0.0, 0.0, 0.0, 0.0, 0.0, 0.0, 0.0, 0.0, 0.0, 0.0, 0.0, 0.0, 0.0, 0.0, 0.0, ]
prob[13][2] = [0.0, 0.0, 0.0, 0.0, 0.0, 0.0, 0.0, 0.0, 0.0, 0.0, 0.0, 0.0, 0.0, 0.0, 0.0, 0.0, 0.0, 0.08675445391169635, 0.002711076684740511, 0.18086754453911696, 0.24864446165762974, 0.12432223082881487, 0.12742060418280401, 0.19481022463206815, 0.004260263361735089, 0.030209140201394268, 0.0, 0.0, 0.0, 0.0, 0.0, 0.0, ]
prob[13][3] = [0.0, 0.0, 0.0, 0.0, 0.0, 0.0, 0.0, 0.0, 0.0, 0.0, 0.0, 0.0, 0.30603927380511303, 0.336235642830678, 0.20433493886624676, 0.11689514635050019, 0.03649499814746202, 0.0, 0.0, 0.0, 0.0, 0.0, 0.0, 0.0, 0.0, 0.0, 0.0, 0.0, 0.0, 0.0, 0.0, 0.0, ]
prob[13][4] = [0.0, 0.0, 0.0, 0.0, 0.0, 0.0, 0.0, 0.0, 0.07664233576642336, 0.9233576642335767, 0.0, 0.0, 0.0, 0.0, 0.0, 0.0, 0.0, 0.0, 0.0, 0.0, 0.0, 0.0, 0.0, 0.0, 0.0, 0.0, 0.0, 0.0, 0.0, 0.0, 0.0, 0.0, ]
prob[13][5] = [5.847953216374269E-4, 0.00760233918128655, 0.0023391812865497076, 0.0456140350877193, 0.09532163742690059, 0.049707602339181284, 0.2152046783625731, 0.583625730994152, 0.0, 0.0, 0.0, 0.0, 0.0, 0.0, 0.0, 0.0, 0.0, 0.0, 0.0, 0.0, 0.0, 0.0, 0.0, 0.0, 0.0, 0.0, 0.0, 0.0, 0.0, 0.0, 0.0, 0.0, ]
A[13] = [[0.7152420185375901, 0.061791967044284246, 0.06642636457260556, 0.1380020597322348, 0.0010298661174047373, 0.017507723995880537, ],
[0.017760450508988522, 0.640675763482781, 0.007147498375568551, 0.3155728828243448, 0.014511587611002815, 0.004331817197314273, ],
[0.0790391321193336, 0.0131731886865556, 0.8209996125532739, 0.04416892677256877, 0.0015497869043006587, 0.04106935296396746, ],
[0.043723024957778196, 0.2655282416963783, 0.023268905986113718, 0.6126853068117846, 0.01763933195721524, 0.03715518859072997, ],
[0.018315018315018316, 0.22344322344322345, 0.029304029304029304, 0.3076923076923077, 0.3553113553113553, 0.06593406593406594, ],
[0.023391812865497075, 0.008187134502923977, 0.09824561403508772, 0.08596491228070176, 0.004093567251461989, 0.7801169590643274, ],
]
Pi[13] = [0.006329113924050633, 0.569620253164557, 0.006329113924050633, 0.3987341772151899, 0.0189873417721519, 0.0, ]
prob[14][0] = [0.005457853244390539, 0.014554275318374773, 0.01212856276531231, 0.08429351121892056, 0.10612492419648271, 0.07459066100667071, 0.38750758035172833, 0.30382049727107335, 0.011522134627046696, 0.0, 0.0, 0.0, 0.0, 0.0, 0.0, 0.0, 0.0, 0.0, 0.0, 0.0, 0.0, 0.0, 0.0, 0.0, 0.0, 0.0, 0.0, 0.0, 0.0, 0.0, 0.0, 0.0, ]
prob[14][1] = [0.0, 0.0, 0.0, 0.0, 0.0, 0.0, 0.0, 0.0, 0.0, 0.0, 0.0, 0.0, 0.0, 0.6647099447513812, 0.05283149171270718, 0.13087016574585636, 0.15158839779005526, 0.0, 0.0, 0.0, 0.0, 0.0, 0.0, 0.0, 0.0, 0.0, 0.0, 0.0, 0.0, 0.0, 0.0, 0.0, ]
prob[14][2] = [0.0, 0.0, 0.0, 0.0, 0.0, 0.0, 0.0, 0.0, 0.0, 0.028782894736842105, 0.2728207236842105, 0.3990542763157895, 0.2993421052631579, 0.0, 0.0, 0.0, 0.0, 0.0, 0.0, 0.0, 0.0, 0.0, 0.0, 0.0, 0.0, 0.0, 0.0, 0.0, 0.0, 0.0, 0.0, 0.0, ]
prob[14][3] = [0.0, 0.0, 0.0, 0.0, 0.0, 0.0, 0.0, 0.0, 0.0, 0.0, 0.0, 0.0, 0.0, 0.0, 0.0, 0.0, 0.0, 0.15357821405953134, 0.02121595946801773, 0.16909436352121596, 0.2650411652944902, 0.3910702976567448, 0.0, 0.0, 0.0, 0.0, 0.0, 0.0, 0.0, 0.0, 0.0, 0.0, ]
prob[14][4] = [0.0, 0.0, 0.0, 0.0, 0.0, 0.0, 0.0, 0.0, 0.0, 0.0, 0.0, 0.0, 0.0, 0.0, 0.0, 0.0, 0.0, 0.0, 0.0, 0.0, 0.0, 0.0, 0.0, 0.0, 0.0, 0.0, 0.0, 0.11058823529411765, 0.08980392156862745, 0.3290196078431373, 0.2011764705882353, 0.26941176470588235, ]
prob[14][5] = [0.0, 0.0, 0.0, 0.0, 0.0, 0.0, 0.0, 0.0, 0.0, 0.0, 0.0, 0.0, 0.0, 0.0, 0.0, 0.0, 0.0, 0.0, 0.0, 0.0, 0.0, 0.0, 0.24001646768217375, 0.35529024289831207, 0.050226430629888845, 0.35446685878962536, 0.0, 0.0, 0.0, 0.0, 0.0, 0.0, ]
A[14] = [[0.8386901152213463, 0.016979987871437233, 0.0072771376591873865, 0.0897513644633111, 0.014554275318374773, 0.03274711946634324, ],
[0.012959719789842382, 0.5838879159369527, 0.31418563922942205, 0.01436077057793345, 0.05464098073555167, 0.019964973730297722, ],
[0.0035721790292078167, 0.1767177978566926, 0.7797856692582475, 0.0010506408909434755, 0.03824332843034251, 6.303845345660853E-4, ],
[0.018999366687777075, 0.014566181127295756, 0.002216592780240659, 0.8663711209626346, 0.058264724509183026, 0.039582013932868906, ],
[0.016160819865983445, 0.071344107213244, 0.04099329917225069, 0.025620811982656682, 0.7414268821442649, 0.10445407962160032, ],
[0.04569781803211198, 0.03869905310827501, 0.005351996706463565, 0.06710580485796624, 0.05063812268423219, 0.792507204610951, ],
]
Pi[14] = [0.0, 0.24528301886792453, 0.7547169811320755, 0.0, 0.0, 0.0, ]
prob[15][0] = [0.0, 0.0, 0.0, 0.0, 0.0, 0.0, 0.0, 0.0, 0.0, 0.2701342281879195, 0.7298657718120806, 0.0, 0.0, 0.0, 0.0, 0.0, 0.0, 0.0, 0.0, 0.0, 0.0, 0.0, 0.0, 0.0, 0.0, 0.0, 0.0, 0.0, 0.0, 0.0, 0.0, 0.0, ]
prob[15][1] = [0.003909304143862392, 0.003127443315089914, 0.001563721657544957, 0.004691164972634871, 0.0836591086786552, 0.04691164972634871, 0.014855355746677092, 0.7240031274433151, 0.11727912431587177, 0.0, 0.0, 0.0, 0.0, 0.0, 0.0, 0.0, 0.0, 0.0, 0.0, 0.0, 0.0, 0.0, 0.0, 0.0, 0.0, 0.0, 0.0, 0.0, 0.0, 0.0, 0.0, 0.0, ]
prob[15][2] = [0.0, 0.0, 0.0, 0.0, 0.0, 0.0, 0.0, 0.0, 0.0, 0.0, 0.0, 0.0, 0.0, 0.0, 0.0, 0.0, 0.0, 0.0, 0.09577922077922078, 0.3281926406926407, 0.016233766233766232, 0.057900432900432904, 0.23403679653679654, 0.24972943722943722, 0.018127705627705628, 0.0, 0.0, 0.0, 0.0, 0.0, 0.0, 0.0, ]
prob[15][3] = [0.0, 0.0, 0.0, 0.0, 0.0, 0.0, 0.0, 0.0, 0.0, 0.0, 0.0, 0.0, 0.0, 0.0, 0.0, 0.0, 0.0, 0.0, 0.0, 0.0, 0.0, 0.0, 0.0, 0.0, 0.0, 0.030716723549488054, 0.13111490329920364, 0.30091012514220705, 0.17121729237770195, 0.12713310580204779, 0.13168373151308305, 0.10722411831626849, ]
prob[15][4] = [0.0, 0.0, 0.0, 0.0, 0.0, 0.0, 0.0, 0.0, 0.0, 0.0, 0.0, 0.6099406831662917, 0.3900593168337083, 0.0, 0.0, 0.0, 0.0, 0.0, 0.0, 0.0, 0.0, 0.0, 0.0, 0.0, 0.0, 0.0, 0.0, 0.0, 0.0, 0.0, 0.0, 0.0, ]
prob[15][5] = [0.0, 0.0, 0.0, 0.0, 0.0, 0.0, 0.0, 0.0, 0.0, 0.0, 0.0, 0.0, 0.0, 0.3598519888991674, 0.14357076780758557, 0.20314523589269196, 0.11766882516188715, 0.1757631822386679, 0.0, 0.0, 0.0, 0.0, 0.0, 0.0, 0.0, 0.0, 0.0, 0.0, 0.0, 0.0, 0.0, 0.0, ]
A[15] = [[0.4728813559322034, 0.021610169491525423, 0.003389830508474576, 0.007627118644067797, 0.33220338983050846, 0.16228813559322033, ],
[0.0437842064112588, 0.7787333854573886, 0.0875684128225176, 0.012509773260359656, 0.028146989835809225, 0.04925723221266615, ],
[0.0027056277056277055, 0.030303030303030304, 0.8298160173160173, 0.06682900432900434, 0.013798701298701298, 0.05654761904761905, ],
[0.005425471159337522, 0.0074243289548829245, 0.07766990291262135, 0.7838378069674472, 0.05311250713877784, 0.07252998286693318, ],
[0.16729244889445138, 0.007509386733416771, 0.0035460992907801418, 0.04130162703379224, 0.589904046725073, 0.19044639132248645, ],
[0.06322052807735218, 0.010784678319077723, 0.040907400520639646, 0.05410933432502789, 0.1723689103756043, 0.6586091483822982, ],
]
Pi[15] = [0.25625, 0.0, 0.0, 0.00625, 0.48125, 0.25625, ]
prob[16][0] = [0.0, 0.0, 0.0, 0.0, 0.0, 0.0, 0.0, 0.0, 0.0, 0.0, 0.0, 0.0, 0.0, 0.5972451790633608, 0.4027548209366391, 0.0, 0.0, 0.0, 0.0, 0.0, 0.0, 0.0, 0.0, 0.0, 0.0, 0.0, 0.0, 0.0, 0.0, 0.0, 0.0, 0.0, ]
prob[16][1] = [0.19517102615694165, 0.34064386317907447, 0.2987927565392354, 0.08490945674044266, 0.02454728370221328, 0.05593561368209256, 0.0, 0.0, 0.0, 0.0, 0.0, 0.0, 0.0, 0.0, 0.0, 0.0, 0.0, 0.0, 0.0, 0.0, 0.0, 0.0, 0.0, 0.0, 0.0, 0.0, 0.0, 0.0, 0.0, 0.0, 0.0, 0.0, ]
prob[16][2] = [0.0, 0.0, 0.0, 0.0, 0.0, 0.0, 0.0, 0.0, 0.0, 0.0, 0.0, 0.0, 0.0, 0.0, 0.0, 0.7795918367346939, 0.0, 0.012244897959183673, 0.09115646258503401, 0.10748299319727891, 0.0013605442176870747, 0.00816326530612245, 0.0, 0.0, 0.0, 0.0, 0.0, 0.0, 0.0, 0.0, 0.0, 0.0, ]
prob[16][3] = [0.0, 0.0, 0.0, 0.0, 0.0, 0.0, 0.0, 0.0, 0.0, 0.0, 0.0, 0.6332964601769911, 0.36670353982300885, 0.0, 0.0, 0.0, 0.0, 0.0, 0.0, 0.0, 0.0, 0.0, 0.0, 0.0, 0.0, 0.0, 0.0, 0.0, 0.0, 0.0, 0.0, 0.0, ]
prob[16][4] = [0.0, 0.0, 0.0, 0.0, 0.0, 0.0, 0.0, 0.036720142602495544, 0.06488413547237076, 0.3144385026737968, 0.5839572192513369, 0.0, 0.0, 0.0, 0.0, 0.0, 0.0, 0.0, 0.0, 0.0, 0.0, 0.0, 0.0, 0.0, 0.0, 0.0, 0.0, 0.0, 0.0, 0.0, 0.0, 0.0, ]
